148.159058831625
108.355696558615
76.6186466189821
31.4040408839287
58.2375304447242
193.904981867295
230.975699564386
250.516461050694
295.364859377406
254.145068440604
127.370994906249
163.377605413026
210.697803739665
229.030751094697
221.418750313442
166.888249057621
68.9657624296775
22.5726152722248
45.0240322386742
110.350304488514
56.3281328824529
66.2729788485815
63.4324902376562
112.065848171719
78.9825017682862
94.6449065957925
69.6132880968272
71.0317427370576
97.0341775475912
96.6684263079545
69.4463327372212
67.9502423659438
84.4885329478599
56.5576151447749
72.2051755359949
138.249507807217
278.054565608056
140.924312202744
16.4686933349961
23.5917021328014
27.034930371419
110.170731946958
144.758847265201
102.623019867089
