172.376311803425
147.607936493576
166.493879740492
70.0197244287684
85.7842993971314
185.380551113439
251.021878502988
272.611276958136
370.6030414688
396.951658362058
223.189316773193
215.021963686823
140.674169453409
205.735323808817
270.82202336726
281.367098492756
199.470389094276
90.5773544747643
88.2639296137244
117.136114969842
84.3372586243607
61.2435197385217
71.7701246941394
125.122913280965
138.687884724827
148.912252443534
126.24989092834
133.420112805404
157.481190762131
167.681161504047
124.009627747215
93.1168035943211
164.041221542642
76.9622777584471
62.8200164647323
82.8410457921809
232.99410370336
202.888150748876
58.0567034520894
35.2549576219097
24.4324777016602
57.6422480141842
117.727160205051
114.576339061422
