0 0 1e-04 0.0027 0.0159 0.0572 0.1054 0.1142 0.1089 0.1178 0.1236 0.0954 0.0713 0.0564 0.0485 0.0402 0.0201 0.0122 0.0047 0.0032 0.0014 7e-04
0 1e-04 4e-04 0.0015 0.012 0.0441 0.0936 0.1129 0.1059 0.0951 0.0915 0.0863 0.089 0.0877 0.0675 0.049 0.0344 0.0172 0.0069 0.0035 0.0013 3e-04
1e-04 1e-04 0.0028 0.008 0.03 0.0374 0.06 0.0652 0.0645 0.0695 0.0773 0.0715 0.0672 0.0822 0.0871 0.077 0.0762 0.0603 0.0379 0.0185 0.0054 0.0018
0 0 0.0032 0.0125 0.0162 0.0289 0.0495 0.0609 0.0467 0.0525 0.0685 0.0698 0.0707 0.0725 0.0801 0.0914 0.0903 0.0856 0.0606 0.0309 0.0072 0.0019
0 1e-04 0.0062 0.0134 0.0239 0.0605 0.097 0.1022 0.0894 0.0805 0.0717 0.0617 0.0438 0.0452 0.0527 0.0616 0.0621 0.0582 0.039 0.0222 0.0067 0.0019
0 0 0.011 0.0311 0.0488 0.0788 0.1296 0.1184 0.0854 0.0702 0.0677 0.054 0.0436 0.0505 0.0507 0.0528 0.0424 0.03 0.0204 0.0099 0.0036 9e-04
1e-04 0 0.0043 0.012 0.0331 0.0827 0.1204 0.12 0.0905 0.0916 0.0795 0.0657 0.0453 0.0455 0.0453 0.0474 0.0375 0.03 0.0237 0.0156 0.008 0.0019
0 6e-04 0.0017 0.0125 0.026 0.054 0.0872 0.1021 0.121 0.1225 0.1017 0.0753 0.0551 0.0522 0.0521 0.0454 0.0368 0.0228 0.0155 0.0101 0.0036 0.0018
0 0 0.001 0.0042 0.009 0.0245 0.048 0.0547 0.0585 0.0683 0.0688 0.0684 0.0675 0.0964 0.1104 0.1044 0.08 0.0562 0.0438 0.0224 0.0089 0.0045
1e-04 0 0.0018 0.0096 0.0191 0.0283 0.0605 0.0704 0.0584 0.0495 0.0507 0.0503 0.0556 0.0749 0.0744 0.0713 0.069 0.087 0.0728 0.0562 0.0266 0.0134
0 0 0.0065 0.0311 0.0735 0.0615 0.0577 0.0668 0.062 0.0549 0.0657 0.0577 0.0506 0.0511 0.0523 0.0595 0.063 0.067 0.057 0.0384 0.0159 0.0077
0 0 0.0079 0.0367 0.0869 0.162 0.1823 0.1354 0.0795 0.0574 0.044 0.033 0.0238 0.024 0.0254 0.0265 0.0213 0.0206 0.017 0.0103 0.0038 0.0023
0 0.0026 0.0122 0.0329 0.0431 0.1012 0.1534 0.1423 0.1182 0.0945 0.0744 0.0508 0.0318 0.0274 0.0216 0.0257 0.0188 0.0174 0.0155 0.0097 0.0048 0.0016
0 0 0.0028 0.0132 0.0312 0.0861 0.1259 0.1604 0.1462 0.1316 0.0899 0.0589 0.0382 0.0316 0.026 0.0214 0.0133 0.0102 0.0075 0.004 0.0013 4e-04
0 0 7e-04 0.0074 0.0193 0.0392 0.0788 0.1104 0.1237 0.1172 0.1097 0.0861 0.0673 0.0623 0.0482 0.0459 0.037 0.0238 0.0129 0.0065 0.0024 0.001
1e-04 0 1e-04 0.001 0.0035 0.0117 0.0267 0.0557 0.0738 0.0994 0.0963 0.0902 0.0824 0.0753 0.0746 0.0731 0.0752 0.0673 0.0473 0.0279 0.0133 0.0049
1e-04 0 0.0012 0.0048 0.011 0.0161 0.0322 0.0473 0.0645 0.0661 0.0642 0.065 0.0681 0.0753 0.0847 0.097 0.0954 0.09 0.0617 0.0369 0.0136 0.0048
4e-04 7e-04 0.0017 0.0024 0.0069 0.0224 0.0456 0.0697 0.0722 0.0681 0.0648 0.0637 0.063 0.0756 0.0963 0.0868 0.0742 0.0733 0.0555 0.0352 0.0156 0.0058
1e-04 3e-04 0.0045 0.0196 0.0377 0.0738 0.1114 0.106 0.0706 0.0609 0.0604 0.0542 0.0549 0.0562 0.0643 0.0676 0.049 0.0478 0.0326 0.0195 0.0054 0.003
0 0 0.0025 0.0068 0.0081 0.0434 0.0811 0.1326 0.1475 0.1293 0.0995 0.0652 0.0434 0.048 0.0437 0.0496 0.0358 0.0298 0.0177 0.0095 0.0047 0.0017
0 0 0.0018 0.006 0.0063 0.0235 0.0443 0.0731 0.0801 0.1006 0.084 0.0814 0.0836 0.0856 0.0859 0.0854 0.0689 0.0455 0.0231 0.0148 0.0048 0.0014
0 1e-04 0.0028 0.0071 0.0319 0.0395 0.0568 0.072 0.0888 0.0889 0.0817 0.0719 0.063 0.0702 0.0729 0.0704 0.0661 0.0554 0.0348 0.0192 0.005 0.0014
5e-04 5e-04 0.0216 0.0249 0.0372 0.0854 0.104 0.1484 0.1034 0.0587 0.0545 0.0473 0.0357 0.0453 0.043 0.0416 0.0399 0.0381 0.0323 0.0256 0.0085 0.0038
2e-04 0 0.0013 0.0122 0.0462 0.0775 0.0916 0.1578 0.1472 0.0907 0.0679 0.0745 0.0639 0.0379 0.0253 0.0232 0.019 0.021 0.0183 0.0127 0.0084 0.0031
0.0014 0.0027 0.0017 0.0086 0.0172 0.0335 0.0618 0.1109 0.105 0.0836 0.0707 0.0802 0.0655 0.051 0.0493 0.0642 0.0735 0.063 0.0313 0.014 0.0083 0.0024
0 0 7e-04 0.0036 0.0217 0.065 0.0873 0.1033 0.0817 0.0708 0.0658 0.0716 0.062 0.0631 0.0581 0.0685 0.0729 0.0537 0.0315 0.0128 0.0048 0.0011
0 1e-04 7e-04 0.0029 0.0075 0.0254 0.0659 0.1031 0.1222 0.1172 0.0829 0.0638 0.0597 0.0573 0.0578 0.0686 0.0613 0.0534 0.0267 0.0148 0.0058 0.0027
0 0 0.0034 0.0075 0.0225 0.0406 0.0627 0.0793 0.0661 0.0701 0.0673 0.0675 0.0624 0.0625 0.0763 0.0829 0.0766 0.0564 0.0444 0.0336 0.0126 0.0053
0 0 0.0034 0.0196 0.0965 0.1491 0.1104 0.1279 0.0607 0.0543 0.0548 0.0289 0.035 0.0289 0.0334 0.0388 0.0381 0.0391 0.0374 0.0263 0.013 0.0044
0 0.0014 0.0013 0.0089 0.0233 0.0659 0.1304 0.1517 0.1187 0.0698 0.0577 0.0377 0.0306 0.0318 0.0401 0.0413 0.0472 0.0464 0.0453 0.0325 0.0123 0.0055
0 1e-04 0.0063 0.0221 0.0439 0.0703 0.106 0.125 0.1149 0.1002 0.0783 0.0664 0.042 0.0265 0.0355 0.0398 0.0345 0.0323 0.0263 0.0171 0.0091 0.0033
0 8e-04 0.0038 0.0094 0.0247 0.0513 0.087 0.0969 0.0854 0.0924 0.1022 0.0869 0.0619 0.0416 0.0542 0.0574 0.0517 0.0375 0.0277 0.0169 0.0066 0.0038
0 0 0.001 0.0083 0.0443 0.0434 0.0901 0.1275 0.1005 0.0891 0.0807 0.0611 0.0451 0.041 0.0497 0.0644 0.063 0.0379 0.0287 0.0156 0.0063 0.0021
0 2e-04 0.0099 0.0195 0.0241 0.043 0.0919 0.0964 0.0949 0.0885 0.0853 0.0786 0.0585 0.0507 0.0556 0.052 0.0445 0.0325 0.0274 0.0239 0.0146 0.0081
0 0 0.0218 0.0655 0.1096 0.1175 0.1086 0.0878 0.0571 0.0566 0.0623 0.0586 0.053 0.0424 0.0409 0.0374 0.0301 0.0205 0.0144 0.0078 0.0047 0.0035
0 0 0.0099 0.0544 0.0987 0.1256 0.1761 0.1506 0.0872 0.0673 0.0568 0.0341 0.0273 0.0195 0.0232 0.022 0.0179 0.0141 0.0082 0.0043 0.0022 5e-04
0 0 0.0015 0.0156 0.0584 0.1573 0.1965 0.1676 0.1112 0.0814 0.0662 0.0503 0.0268 0.0197 0.0155 0.0142 0.0086 0.0047 0.0023 0.0012 7e-04 3e-04
0 0 4e-04 0.0049 0.0268 0.0577 0.0898 0.1066 0.1125 0.1325 0.1302 0.1084 0.0761 0.0568 0.0386 0.0283 0.0155 0.0077 0.004 0.0018 0.0011 3e-04
1e-04 3e-04 6e-04 0.0016 0.005 0.0215 0.0311 0.0506 0.0659 0.0972 0.1322 0.1365 0.1234 0.1099 0.0921 0.0645 0.0354 0.0217 0.007 0.0023 6e-04 4e-04
0 2e-04 0.0058 0.0225 0.0479 0.0491 0.0562 0.0536 0.0701 0.0745 0.0858 0.0827 0.08 0.0799 0.0877 0.076 0.06 0.0381 0.0204 0.0071 0.0015 9e-04
0 0 0.0163 0.0297 0.0702 0.1335 0.1438 0.1261 0.0567 0.0357 0.0284 0.0313 0.0326 0.0501 0.0525 0.0575 0.0551 0.0426 0.0208 0.0117 0.004 0.0012
0 0 0.0064 0.0338 0.0881 0.146 0.1485 0.1551 0.0971 0.0706 0.0569 0.04 0.0265 0.0227 0.0247 0.0235 0.0189 0.0205 0.0135 0.0056 0.0015 2e-04
0 0 8e-04 0.0106 0.0397 0.0894 0.1432 0.1738 0.1705 0.1004 0.0671 0.0663 0.0369 0.0252 0.0215 0.0189 0.0156 0.0107 0.0059 0.0026 6e-04 4e-04
0 0 0.0024 0.0081 0.0163 0.0523 0.1049 0.179 0.1489 0.1089 0.1204 0.0887 0.0627 0.0432 0.0194 0.0153 0.0117 0.0088 0.0054 0.0024 0.001 1e-04
