0.0011 0.0012 0.0024 0.0126 0.0546 0.1178 0.1506 0.1337 0.1173 0.1124 0.102 0.0749 0.0539 0.0352 0.0198 0.0078 0.0017 6e-04 2e-04 1e-04 0 0
0.0559 0.0819 0.011 0.0167 0.0495 0.0835 0.123 0.1337 0.1089 0.0726 0.0582 0.0571 0.0603 0.0507 0.0245 0.0086 0.0029 9e-04 3e-04 1e-04 0 0
0.0611 0.1014 0.0999 0.1435 0.1908 0.0631 0.0395 0.038 0.0399 0.0357 0.0376 0.0363 0.0347 0.0353 0.0232 0.0102 0.0052 0.0027 0.0013 4e-04 1e-04 0
0.0436 0.1005 0.1051 0.17 0.1221 0.079 0.0731 0.0589 0.0333 0.031 0.0362 0.0386 0.0362 0.0293 0.0204 0.0111 0.0056 0.0034 0.0019 7e-04 1e-04 0
0.0515 0.1768 0.1139 0.1288 0.1064 0.1109 0.0986 0.0678 0.0396 0.0312 0.0234 0.0178 0.011 0.0082 0.0063 0.0039 0.0019 0.0011 5e-04 2e-04 0 0
0.0034 0.0307 0.1658 0.2342 0.1639 0.1026 0.1052 0.0683 0.0387 0.0245 0.0199 0.0137 0.0098 0.0089 0.0056 0.0028 0.0011 5e-04 2e-04 1e-04 0 0
0.0032 0.0475 0.082 0.1275 0.144 0.1568 0.1316 0.0989 0.0555 0.0473 0.0341 0.0276 0.0165 0.0126 0.0077 0.004 0.0015 8e-04 5e-04 2e-04 1e-04 0
5e-04 0.0047 0.0337 0.1176 0.1228 0.1103 0.0978 0.092 0.1077 0.0975 0.069 0.0529 0.0385 0.0276 0.0161 0.0073 0.0024 9e-04 5e-04 2e-04 0 0
0.0033 0.028 0.0547 0.0535 0.0866 0.1152 0.1114 0.0856 0.0681 0.0506 0.0445 0.0477 0.0536 0.0728 0.0619 0.0354 0.0141 0.0066 0.0042 0.0016 4e-04 2e-04
0.0533 0.0645 0.0809 0.1311 0.1395 0.0962 0.1108 0.0913 0.0517 0.0269 0.024 0.0234 0.028 0.036 0.0212 0.0088 0.004 0.0038 0.0027 0.0014 4e-04 1e-04
0.0333 0.0887 0.1173 0.2319 0.2406 0.0883 0.0485 0.0414 0.0298 0.017 0.0184 0.0142 0.0105 0.0083 0.0052 0.0032 0.0015 0.001 6e-04 3e-04 1e-04 0
0.0393 0.1144 0.1411 0.2111 0.1764 0.139 0.0831 0.0469 0.018 0.0098 0.0069 0.0052 0.003 0.0025 0.0016 9e-04 4e-04 2e-04 1e-04 1e-04 0 0
0.0258 0.089 0.1195 0.1538 0.1327 0.1282 0.1161 0.0884 0.0581 0.0388 0.0234 0.0135 0.0054 0.004 0.0016 0.001 3e-04 2e-04 1e-04 1e-04 0 0
0.006 0.0234 0.0394 0.0679 0.1378 0.162 0.1501 0.1345 0.0975 0.0716 0.0406 0.029 0.0195 0.012 0.006 0.0021 4e-04 1e-04 1e-04 0 0 0
0.0013 0.0034 0.0161 0.0351 0.0489 0.0801 0.1095 0.1208 0.1189 0.1014 0.087 0.0832 0.0719 0.0609 0.0352 0.017 0.0057 0.0023 0.001 2e-04 0 0
8e-04 0.0023 0.008 0.0242 0.0478 0.0644 0.0715 0.0836 0.0816 0.0949 0.0911 0.0951 0.0913 0.0918 0.0682 0.041 0.021 0.0127 0.006 0.0021 4e-04 1e-04
0.0129 0.013 0.0256 0.0859 0.1936 0.1225 0.1076 0.0874 0.0614 0.0406 0.0363 0.0365 0.0432 0.0499 0.04 0.0232 0.0101 0.006 0.003 0.001 2e-04 1e-04
0.0545 0.1213 0.0847 0.075 0.1171 0.1215 0.1268 0.1126 0.0626 0.0307 0.0186 0.0149 0.0137 0.0152 0.0129 0.0077 0.0033 0.0031 0.002 0.0012 5e-04 1e-04
0.0201 0.0556 0.0932 0.1562 0.1427 0.1719 0.165 0.09 0.0399 0.0227 0.0166 0.012 0.0067 0.0041 0.002 8e-04 2e-04 2e-04 1e-04 1e-04 0 0
0.0047 0.0078 0.0754 0.1338 0.0501 0.0834 0.1338 0.1389 0.1321 0.0993 0.0643 0.0372 0.0199 0.0104 0.0055 0.0025 6e-04 2e-04 1e-04 0 0 0
0.0076 0.0237 0.0353 0.0784 0.0768 0.115 0.098 0.1045 0.0812 0.0844 0.0648 0.0609 0.0693 0.0541 0.0288 0.0118 0.0036 0.0013 3e-04 1e-04 0 0
0.0227 0.0784 0.1212 0.121 0.2138 0.1222 0.0892 0.0565 0.0468 0.0314 0.0255 0.0197 0.0164 0.0154 0.0115 0.0043 0.002 0.0011 5e-04 2e-04 0 0
0.0175 0.122 0.2509 0.1323 0.1202 0.0996 0.08 0.0904 0.0433 0.0139 0.0101 0.0068 0.0034 0.0039 0.0026 0.0014 7e-04 5e-04 4e-04 2e-04 0 0
0.0066 0.0265 0.038 0.1377 0.1457 0.1288 0.1245 0.1564 0.1052 0.0405 0.0267 0.0286 0.0209 0.0097 0.0028 9e-04 3e-04 2e-04 1e-04 1e-04 0 0
0.0149 0.0314 0.1059 0.19 0.0928 0.0645 0.0919 0.1063 0.0846 0.0612 0.0423 0.0477 0.0294 0.0151 0.0105 0.0071 0.003 0.0011 4e-04 0 0 0
0.0019 0.0107 0.0507 0.0827 0.1433 0.1971 0.1405 0.0952 0.0492 0.0445 0.0388 0.0427 0.0378 0.0328 0.0171 0.0088 0.004 0.0014 6e-04 2e-04 0 0
0.0389 0.0677 0.0372 0.0475 0.0492 0.0901 0.1127 0.1247 0.1293 0.113 0.0636 0.0419 0.0301 0.0239 0.0148 0.0085 0.0036 0.0021 8e-04 3e-04 1e-04 0
0.0489 0.0847 0.149 0.1178 0.1482 0.0916 0.0648 0.0528 0.0366 0.0388 0.0351 0.0311 0.0317 0.0299 0.0213 0.0092 0.0038 0.002 0.0015 0.001 2e-04 1e-04
0.0407 0.0696 0.0748 0.1946 0.3012 0.1596 0.0667 0.0388 0.0166 0.0071 0.0054 0.0042 0.0044 0.0054 0.0046 0.0025 0.0012 0.001 8e-04 4e-04 1e-04 0
0.0547 0.0594 0.0739 0.1216 0.1307 0.1392 0.1415 0.1161 0.0617 0.0312 0.0277 0.0167 0.009 0.0056 0.0042 0.0022 0.0015 0.0011 0.001 6e-04 2e-04 1e-04
0.0208 0.073 0.1611 0.1332 0.0863 0.0889 0.1108 0.1122 0.0747 0.0458 0.0313 0.0269 0.0156 0.0076 0.0065 0.0032 0.0012 5e-04 3e-04 1e-04 1e-04 0
0.0198 0.0866 0.1121 0.1015 0.143 0.1223 0.1036 0.0697 0.045 0.0437 0.0446 0.0426 0.029 0.0131 0.0108 0.0064 0.0031 0.0016 9e-04 4e-04 1e-04 0
0.0195 0.0922 0.0382 0.1051 0.2107 0.1054 0.1007 0.1093 0.0703 0.044 0.0294 0.0203 0.0149 0.0131 0.0123 0.008 0.004 0.0014 8e-04 3e-04 1e-04 0
0.0619 0.1872 0.2472 0.1683 0.0869 0.0631 0.0564 0.0439 0.0287 0.0169 0.0121 0.0114 0.0061 0.0043 0.0028 0.0012 6e-04 3e-04 4e-04 3e-04 1e-04 0
0.0169 0.1713 0.2315 0.2292 0.1769 0.084 0.036 0.0216 0.0096 0.0059 0.0059 0.0047 0.0032 0.0016 8e-04 5e-04 2e-04 1e-04 0 0 0 0
0.0184 0.0765 0.127 0.2936 0.1935 0.1031 0.0802 0.0505 0.023 0.0144 0.0102 0.0051 0.0024 8e-04 8e-04 4e-04 1e-04 0 0 0 0 0
0.0039 0.0034 0.0402 0.1435 0.193 0.2371 0.1648 0.0936 0.0489 0.0259 0.017 0.0124 0.0074 0.0054 0.0024 9e-04 2e-04 1e-04 0 0 0 0
6e-04 5e-04 6e-04 0.0099 0.0645 0.1141 0.1187 0.1544 0.1513 0.1358 0.106 0.0662 0.0381 0.0246 0.0097 0.003 0.0012 5e-04 2e-04 0 0 0
0.0271 0.0252 0.0262 0.0155 0.0243 0.0209 0.0258 0.0353 0.045 0.0877 0.1451 0.1904 0.1701 0.1067 0.0401 0.0114 0.0022 6e-04 2e-04 0 0 0
0.0635 0.1188 0.0976 0.2219 0.2158 0.1176 0.0598 0.035 0.017 0.0142 0.0113 0.0087 0.0076 0.005 0.0034 0.0016 8e-04 3e-04 1e-04 0 0 0
0.0694 0.1751 0.3106 0.1307 0.0888 0.0867 0.0636 0.0408 0.0142 0.0067 0.0036 0.0026 0.0021 0.0024 0.0016 7e-04 4e-04 2e-04 1e-04 0 0 0
0.0192 0.1052 0.1357 0.1508 0.1855 0.1557 0.0843 0.0676 0.039 0.0219 0.016 0.0095 0.005 0.0026 0.0012 4e-04 2e-04 1e-04 1e-04 0 0 0
0.0092 0.0205 0.0482 0.1329 0.1874 0.1467 0.1326 0.1169 0.099 0.0415 0.0225 0.0222 0.0111 0.005 0.0024 0.0012 4e-04 2e-04 0 0 0 0
0.0034 0.0159 0.0514 0.0613 0.077 0.1566 0.1966 0.1696 0.0979 0.0614 0.0431 0.0335 0.0193 0.0083 0.0029 0.0012 4e-04 2e-04 0 0 0 0
