0.015 0.019 0.012 0.021 0.024 0.021 0.021 0.022 0.021 0.022 0.035 0.045 0.067 0.093 0.091 0.078 0.073 0.08 0.092 0.07 0.052 0.025
0.011 0.055 0.075 0.097 0.121 0.068 0.067 0.052 0.042 0.029 0.036 0.028 0.028 0.026 0.035 0.033 0.039 0.056 0.043 0.033 0.019 0.006
0 0.001 0.002 0.023 0.047 0.073 0.12 0.104 0.064 0.053 0.044 0.031 0.028 0.036 0.049 0.069 0.076 0.071 0.058 0.03 0.013 0.008
0 0 0 0.002 0.002 0.019 0.024 0.039 0.056 0.074 0.072 0.058 0.054 0.066 0.068 0.083 0.102 0.108 0.076 0.052 0.032 0.013
0.001 0.003 0.001 0.005 0.015 0.03 0.053 0.073 0.095 0.094 0.112 0.101 0.098 0.079 0.065 0.051 0.037 0.035 0.026 0.015 0.009 0.004
0 0.001 0.001 0.002 0.002 0.008 0.028 0.06 0.088 0.093 0.084 0.067 0.073 0.088 0.095 0.088 0.072 0.061 0.044 0.026 0.013 0.006
0.002 0.006 0.006 0.011 0.008 0.012 0.03 0.052 0.073 0.081 0.073 0.055 0.052 0.054 0.066 0.073 0.082 0.094 0.082 0.054 0.026 0.008
0.002 0.002 0.004 0.008 0.007 0.007 0.015 0.026 0.041 0.053 0.056 0.057 0.064 0.086 0.105 0.102 0.101 0.093 0.079 0.055 0.027 0.01
0 0.001 0.005 0.008 0.009 0.016 0.032 0.049 0.055 0.058 0.053 0.048 0.053 0.066 0.081 0.086 0.102 0.107 0.091 0.053 0.021 0.006
0.002 0.001 0.002 0.004 0.008 0.019 0.032 0.041 0.05 0.064 0.058 0.048 0.047 0.053 0.065 0.083 0.103 0.118 0.105 0.061 0.027 0.008
0.001 0.001 0.003 0.002 0.002 0.004 0.016 0.035 0.055 0.07 0.069 0.055 0.05 0.056 0.077 0.091 0.107 0.112 0.097 0.062 0.025 0.009
0 0 0.001 0.002 0.004 0.01 0.017 0.022 0.031 0.037 0.046 0.052 0.063 0.087 0.122 0.132 0.125 0.107 0.077 0.043 0.017 0.005
0.001 0.044 0.022 0.009 0.004 0.006 0.015 0.029 0.044 0.05 0.051 0.051 0.059 0.069 0.088 0.104 0.107 0.102 0.075 0.047 0.018 0.005
0.003 0.004 0.005 0.011 0.023 0.031 0.034 0.051 0.052 0.05 0.05 0.049 0.054 0.062 0.073 0.083 0.082 0.091 0.089 0.061 0.033 0.011
0 0.001 0.001 0.003 0.008 0.012 0.016 0.035 0.051 0.054 0.067 0.078 0.081 0.065 0.067 0.069 0.075 0.085 0.089 0.08 0.044 0.018
0 0 0 0 0.001 0.003 0.007 0.018 0.028 0.031 0.035 0.048 0.062 0.071 0.088 0.12 0.139 0.138 0.1 0.063 0.033 0.014
0 0 0 0.001 0.002 0.005 0.012 0.026 0.036 0.046 0.049 0.065 0.083 0.08 0.096 0.119 0.129 0.106 0.072 0.042 0.022 0.008
0 0.001 0 0.001 0.001 0.002 0.007 0.02 0.03 0.034 0.034 0.039 0.046 0.061 0.091 0.141 0.168 0.145 0.094 0.054 0.023 0.009
0 0.001 0 0.001 0.001 0.002 0.007 0.017 0.024 0.03 0.039 0.052 0.07 0.093 0.115 0.122 0.126 0.111 0.092 0.061 0.028 0.01
0.001 0.003 0.001 0.003 0.006 0.009 0.019 0.032 0.031 0.024 0.029 0.033 0.043 0.061 0.077 0.09 0.102 0.116 0.128 0.109 0.063 0.022
0 0.001 0.001 0.006 0.012 0.007 0.013 0.024 0.028 0.027 0.034 0.039 0.039 0.045 0.061 0.081 0.094 0.122 0.132 0.124 0.077 0.031
0 0.001 0.001 0.002 0.004 0.015 0.041 0.058 0.044 0.033 0.044 0.053 0.051 0.046 0.06 0.08 0.095 0.1 0.108 0.089 0.053 0.024
0.001 0.004 0.002 0.002 0.002 0.004 0.009 0.02 0.024 0.032 0.05 0.064 0.065 0.067 0.093 0.112 0.117 0.107 0.094 0.073 0.042 0.016
0.002 0.003 0.002 0.008 0.013 0.01 0.016 0.024 0.033 0.043 0.047 0.049 0.052 0.062 0.09 0.126 0.129 0.106 0.086 0.06 0.032 0.01
0.002 0.001 0.005 0.016 0.018 0.019 0.046 0.066 0.051 0.052 0.055 0.068 0.06 0.051 0.054 0.059 0.064 0.058 0.064 0.083 0.073 0.037
0.001 0.001 0.003 0.007 0.012 0.021 0.035 0.044 0.043 0.048 0.066 0.073 0.078 0.086 0.09 0.09 0.079 0.065 0.051 0.048 0.039 0.02
0.001 0.001 0.006 0.013 0.026 0.033 0.04 0.043 0.041 0.044 0.047 0.052 0.058 0.084 0.101 0.092 0.085 0.077 0.061 0.049 0.034 0.013
0 0 0.001 0.003 0.016 0.076 0.15 0.166 0.13 0.105 0.089 0.071 0.053 0.039 0.035 0.024 0.016 0.01 0.006 0.005 0.002 0.001
0.003 0.008 0.01 0.014 0.018 0.024 0.044 0.068 0.094 0.116 0.118 0.1 0.093 0.083 0.068 0.055 0.034 0.023 0.014 0.008 0.004 0.002
0 0.001 0.002 0.003 0.004 0.012 0.022 0.035 0.041 0.055 0.067 0.098 0.115 0.132 0.134 0.108 0.077 0.051 0.024 0.011 0.005 0.003
0.001 0.002 0.004 0.004 0.004 0.004 0.009 0.015 0.023 0.031 0.05 0.088 0.141 0.158 0.155 0.127 0.091 0.053 0.024 0.009 0.004 0.002
0.001 0.003 0.005 0.006 0.007 0.012 0.017 0.022 0.025 0.035 0.047 0.064 0.077 0.117 0.156 0.142 0.117 0.082 0.042 0.015 0.004 0.002
0.008 0.012 0.025 0.034 0.054 0.063 0.089 0.098 0.075 0.058 0.047 0.043 0.048 0.057 0.067 0.068 0.061 0.045 0.027 0.013 0.006 0.002
0 0.008 0.019 0.027 0.078 0.076 0.056 0.058 0.044 0.031 0.033 0.044 0.061 0.066 0.079 0.089 0.082 0.061 0.043 0.027 0.013 0.004
0 0 0.002 0.01 0.011 0.016 0.048 0.074 0.082 0.067 0.07 0.073 0.075 0.077 0.082 0.082 0.082 0.058 0.041 0.032 0.012 0.005
