0.054 0.051 0.037 0.052 0.081 0.133 0.142 0.152 0.134 0.087 0.029 0.011 0.005 0.004 0.003 0.004 0.003 0.005 0.003 0.001 0.003 0.004
0.028 0.161 0.177 0.174 0.142 0.087 0.1 0.055 0.035 0.017 0.007 0.001 0.002 0.002 0.003 0.002 0.001 0.003 0.001 0.001 0 0
0 0.002 0.01 0.112 0.327 0.26 0.199 0.067 0.019 0.003 0 0.001 0.001 0 0 0 0 0 0 0 0 0
0 0 0 0.009 0.009 0.161 0.136 0.243 0.159 0.102 0.048 0.039 0.023 0.011 0.02 0.005 0.005 0 0.011 0.005 0.009 0.005
0.02 0.014 0.003 0.017 0.042 0.127 0.133 0.21 0.207 0.105 0.025 0.04 0.011 0.017 0.017 0.008 0.003 0 0 0 0 0
0.002 0.002 0.004 0.014 0.07 0.125 0.183 0.187 0.206 0.1 0.033 0.027 0.011 0.011 0.007 0.009 0.002 0.002 0.002 0.001 0.001 0
0.008 0.067 0.059 0.168 0.158 0.144 0.196 0.098 0.047 0.019 0.009 0.009 0.008 0.004 0.003 0.002 0.001 0.001 0 0 0 0
0.02 0.028 0.046 0.17 0.222 0.148 0.121 0.08 0.047 0.026 0.019 0.013 0.011 0.011 0.01 0.01 0.004 0.005 0.005 0.002 0.001 0.001
0.003 0.006 0.027 0.072 0.072 0.135 0.237 0.211 0.112 0.044 0.014 0.007 0.007 0.004 0.006 0.007 0.008 0.011 0.008 0.005 0.004 0.001
0.006 0.014 0.016 0.029 0.05 0.134 0.219 0.187 0.128 0.099 0.033 0.025 0.018 0.007 0.006 0.003 0.006 0.008 0.005 0.004 0.001 0.001
0.01 0.027 0.06 0.078 0.055 0.143 0.163 0.131 0.126 0.091 0.038 0.023 0.012 0.01 0.012 0.004 0.005 0.006 0.003 0.004 0 0
0.004 0.007 0.014 0.032 0.078 0.185 0.241 0.17 0.103 0.043 0.03 0.03 0.018 0.014 0.01 0.007 0.002 0.005 0.005 0.002 0.002 0
0.023 0.324 0.16 0.058 0.046 0.069 0.083 0.079 0.06 0.035 0.018 0.01 0.004 0.005 0.004 0.003 0.005 0.005 0.006 0.003 0.002 0
0.016 0.031 0.04 0.104 0.238 0.308 0.134 0.05 0.038 0.017 0.008 0.006 0.003 0.002 0.001 0.001 0.001 0.001 0.001 0 0 0
0.005 0.006 0.01 0.026 0.125 0.258 0.242 0.129 0.091 0.045 0.022 0.012 0.006 0.006 0.003 0.005 0.004 0.002 0.002 0.002 0.002 0.001
0 0.001 0.001 0.009 0.027 0.12 0.254 0.281 0.178 0.076 0.026 0.009 0.004 0.004 0.001 0.003 0.002 0 0.001 0 0.001 0
0 0.002 0.002 0.009 0.037 0.12 0.237 0.225 0.171 0.077 0.033 0.018 0.016 0.014 0.014 0.01 0.007 0.004 0.001 0.001 0 0
0.005 0.007 0.006 0.012 0.048 0.12 0.172 0.203 0.191 0.117 0.042 0.021 0.017 0.012 0.011 0.005 0.004 0.002 0.003 0 0.002 0
0.001 0.002 0.003 0.007 0.039 0.184 0.279 0.217 0.16 0.062 0.018 0.006 0.005 0.004 0.004 0.002 0.003 0.002 0.001 0.001 0 0
0.002 0.025 0.011 0.041 0.146 0.173 0.215 0.141 0.095 0.048 0.028 0.016 0.008 0.007 0.008 0.005 0.007 0.006 0.004 0.009 0.003 0.002
0.001 0.003 0.006 0.042 0.114 0.124 0.122 0.174 0.194 0.099 0.042 0.013 0.006 0.004 0.005 0.006 0.013 0.013 0.008 0.004 0.004 0.003
0.002 0.001 0.004 0.011 0.036 0.099 0.153 0.21 0.21 0.142 0.066 0.028 0.011 0.006 0.006 0.004 0.001 0.002 0.002 0.003 0.003 0
0.004 0.029 0.023 0.022 0.066 0.141 0.127 0.098 0.112 0.13 0.13 0.06 0.025 0.009 0.008 0.005 0.005 0.004 0.002 0.001 0.001 0.001
0.002 0.023 0.023 0.102 0.164 0.141 0.169 0.116 0.115 0.08 0.025 0.009 0.009 0.005 0.002 0.003 0.002 0.001 0.003 0.003 0.001 0.001
0.008 0.015 0.023 0.076 0.124 0.137 0.214 0.221 0.089 0.053 0.017 0.008 0.003 0.004 0.004 0.001 0.002 0.002 0.001 0 0 0
0.002 0.006 0.032 0.064 0.115 0.194 0.16 0.115 0.087 0.07 0.046 0.038 0.02 0.012 0.014 0.006 0.011 0.004 0.004 0.002 0 0
0.003 0.007 0.045 0.169 0.16 0.202 0.129 0.099 0.053 0.041 0.028 0.01 0.013 0.008 0.008 0.01 0.003 0.001 0.006 0 0.003 0.003
0.004 0.006 0.008 0.053 0.134 0.293 0.24 0.138 0.069 0.02 0.007 0.008 0.004 0.005 0.003 0.001 0.002 0.001 0 0.001 0 0
0.002 0.004 0.009 0.027 0.127 0.298 0.226 0.155 0.076 0.026 0.017 0.014 0.008 0.006 0.002 0.001 0.001 0.001 0 0 0.001 0
0.008 0.012 0.015 0.048 0.181 0.296 0.207 0.096 0.055 0.017 0.012 0.015 0.012 0.008 0.007 0.008 0 0.002 0.002 0 0 0
0 0.019 0.041 0.056 0.071 0.152 0.1 0.16 0.104 0.067 0.048 0.03 0.045 0.022 0.033 0.019 0.022 0 0.004 0.004 0.004 0
0.01 0.055 0.039 0.074 0.141 0.119 0.161 0.116 0.077 0.042 0.064 0.029 0.035 0.016 0.003 0.006 0.006 0.006 0 0 0 0
0.083 0.092 0.076 0.071 0.138 0.112 0.101 0.136 0.082 0.032 0.032 0.014 0.008 0.011 0.004 0.004 0.004 0.001 0 0 0 0.001
0.005 0.056 0.083 0.04 0.115 0.135 0.162 0.165 0.057 0.067 0.048 0.023 0.016 0.008 0.009 0.003 0.003 0.001 0.001 0.001 0.001 0.001
