170.633457730742
146.951540558715
166.21812615532
69.7610627605939
84.319821426495
180.975086037223
245.811044462991
245.367418203136
348.382359268552
381.686180277675
219.719520825469
175.304991569149
148.736597997339
193.054610331761
263.233515277814
284.075615505711
194.358177487825
91.3299767105547
85.9353977916526
113.965467529691
82.976620261557
63.0999772326967
73.0358719981424
117.207743983255
134.744330287697
147.143087235658
121.926015190549
120.885719330438
164.26525668689
154.347247067448
118.038880936656
99.3002812474092
153.578635534176
81.1639869270147
57.4400496615717
87.0092079819602
219.794044850461
161.349781265745
59.9854844245021
36.4965576343367
23.0727089890371
61.6009428738806
113.009388088374
