149.901912904307
109.012092493476
76.8944002041538
31.6627025521032
59.7020084153606
198.310446943511
236.186533604383
277.760319805693
317.585541577655
269.410546524987
130.840790853973
203.0945775307
202.635375195735
241.711464571752
229.007258402889
164.179732044665
74.077974036129
21.8199930364344
47.3525640607461
113.520951928665
57.6887712452567
64.4165213544065
62.1667429336532
119.981017469429
82.9260562054161
96.4140718036682
73.9371638346179
83.5661362120234
90.2501116228321
110.002340744554
75.4170795477799
61.7667647128557
94.9511189563259
52.3559059762073
77.5851423391555
134.081345617438
291.254624460956
182.462681685875
14.5399123625835
22.3501021203744
28.3946990840422
106.212037087262
149.476619381877
