0 0.0012 0.0129 0.1317 0.3933 0.2663 0.1236 0.0578 0.0115 0.0017 1e-04 0 0 0 0
0 7e-04 0.0207 0.2056 0.4274 0.2272 0.0842 0.0271 0.0067 4e-04 1e-04 0 0 0 0
0 0.0012 0.0238 0.1891 0.3592 0.2516 0.1179 0.0498 0.0049 0.0013 0.0012 1e-04 0 0 0
0 0.0014 0.0175 0.1414 0.4583 0.2849 0.0723 0.02 0.0025 7e-04 0.0011 0 0 0 0
0 6e-04 0.0102 0.1329 0.4752 0.2925 0.0669 0.0202 4e-04 0.0011 0 0 0 0 0
0 0.0011 0.0341 0.1733 0.3789 0.2478 0.105 0.0515 0.0077 4e-04 2e-04 0 0 0 0
0 0.0019 0.036 0.1724 0.397 0.2108 0.1039 0.052 0.0232 0.0024 5e-04 0 0 0 0
1e-04 6e-04 0.0548 0.2486 0.3713 0.1779 0.0849 0.0454 0.0144 0.0017 2e-04 1e-04 0 0 0
0 0.0016 0.036 0.1972 0.3813 0.2047 0.1016 0.0581 0.0154 0.0035 5e-04 1e-04 0 0 0
0 0.002 0.0288 0.2366 0.3977 0.191 0.081 0.047 0.0133 0.0023 2e-04 0 0 0 0
1e-04 0.0042 0.059 0.1976 0.3046 0.2214 0.1155 0.0667 0.0243 0.006 5e-04 1e-04 0 0 0
1e-04 0.0053 0.0804 0.2995 0.3557 0.1421 0.0517 0.0419 0.0185 0.0043 2e-04 1e-04 0 0 0
0 0.0026 0.0924 0.2579 0.2749 0.2008 0.1178 0.0415 0.01 0.0016 2e-04 1e-04 0 0 0
0 0.0023 0.0649 0.2818 0.3688 0.1866 0.0549 0.0315 0.0085 4e-04 1e-04 0 0 0 0
0 0.0047 0.1075 0.3321 0.3306 0.1524 0.0511 0.0168 0.0041 4e-04 2e-04 0 0 0 0
0 0.0091 0.0803 0.2924 0.3563 0.1993 0.0465 0.014 0.0013 2e-04 6e-04 0 0 0 0
0 0.0046 0.0804 0.2931 0.3647 0.1874 0.056 0.0103 0.0032 3e-04 1e-04 0 0 0 0
0 5e-04 0.0398 0.2505 0.3829 0.2154 0.0765 0.0223 0.0104 0.0012 3e-04 0 0 0 0
0 0.0014 0.0335 0.1738 0.3836 0.2988 0.0753 0.0214 0.0116 4e-04 1e-04 0 0 0 0
0 0.0013 0.0133 0.108 0.3842 0.3429 0.104 0.0367 0.009 5e-04 1e-04 0 0 0 0
0 1e-04 0.0107 0.1688 0.4266 0.2333 0.1073 0.0452 0.0067 6e-04 4e-04 1e-04 0 1e-04 1e-04
1e-04 0 0.0131 0.2146 0.3706 0.278 0.0801 0.0392 0.0034 5e-04 2e-04 0 0 0 0
0.0012 0.0409 0.0828 0.2191 0.3587 0.2029 0.0676 0.0228 0.0027 0.001 2e-04 1e-04 0 0 0
0 0.002 0.0445 0.1624 0.402 0.2764 0.0795 0.0196 0.0115 0.002 2e-04 0 0 0 0
0 2e-04 0.006 0.0812 0.2706 0.3113 0.2188 0.0835 0.0234 0.0034 0.0015 0 0 0 0
0 4e-04 0.0396 0.1374 0.3208 0.2404 0.1111 0.0859 0.0545 0.0085 0.001 3e-04 0 0 0
0 2e-04 0.0529 0.1104 0.2824 0.2096 0.1832 0.1203 0.037 0.0035 4e-04 1e-04 0 0 0
0 2e-04 0.0156 0.1077 0.3192 0.2498 0.1592 0.1031 0.0371 0.0071 5e-04 4e-04 0 0 0
0 0.0049 0.1431 0.1779 0.3546 0.2068 0.0718 0.0336 0.0066 5e-04 1e-04 0 0 0 0
0 0 0.0566 0.223 0.416 0.208 0.0653 0.0245 0.0059 5e-04 0 0 0 0 0
1e-04 0.0048 0.0561 0.2714 0.3757 0.1913 0.0526 0.0259 0.0153 0.006 6e-04 1e-04 1e-04 0 0
0.0035 0.0014 0.0641 0.2277 0.3782 0.1715 0.0723 0.0435 0.0293 0.007 0.0011 3e-04 0 0 0
0 0.0013 0.0679 0.1896 0.3274 0.2026 0.0721 0.0682 0.0545 0.0141 0.0014 8e-04 1e-04 0 0
0 9e-04 0.0342 0.1542 0.3183 0.2239 0.0995 0.0781 0.0677 0.0197 0.0033 3e-04 0 0 0
0 2e-04 0.0642 0.1395 0.3359 0.2123 0.1024 0.081 0.0495 0.0123 0.002 5e-04 0 0 0
0 0.0212 0.1674 0.2528 0.3125 0.1657 0.0498 0.023 0.0053 0.0013 1e-04 0 9e-04 0 0
0 0.003 0.1057 0.3398 0.3585 0.1285 0.0434 0.0186 0.0019 4e-04 0 0 1e-04 0 0
3e-04 0.0026 0.0491 0.2604 0.4338 0.1759 0.052 0.0203 0.0052 2e-04 0 0 0 0 0
0.0029 0.0024 0.0529 0.3078 0.4578 0.1324 0.0388 0.0028 0.0021 0 1e-04 0 0 1e-04 0
0 0.0044 0.079 0.2434 0.4053 0.198 0.0456 0.0239 0 2e-04 0 0 1e-04 0 0
0 0.0051 0.0519 0.2522 0.4871 0.1378 0.0453 0.0138 0.0038 2e-04 0.0027 0 0 0 1e-04
0 0.0013 0.0675 0.2963 0.3555 0.171 0.0753 0.0188 0.0073 0.0054 0.001 6e-04 0 0 0
0 0.0039 0.0417 0.1365 0.2858 0.2411 0.0921 0.0997 0.0773 0.019 0.0022 6e-04 0 1e-04 0
