0.0459 0.0064 0.0399 0.1556 0.4779 0.196 0.0472 0.0114 0.0019 0 4e-04 0 0
0.2434 0.031 0.0259 0.1804 0.1546 0.0275 0.006 4e-04 0 0 0 0 0
0.1187 0.0882 0.2453 0.372 0.0916 0.0135 0.0018 1e-04 2e-04 0 0 0 0
0.1626 0.1552 0.3429 0.1702 0.0833 0.0245 0.0041 4e-04 0 0 0 0 0
0.1019 0.1363 0.3079 0.2307 0.1123 0.0774 0.0138 0.0018 9e-04 0 0 0 0
0.0079 0.0936 0.2776 0.3112 0.1621 0.1063 0.0314 0.0047 3e-04 1e-04 0 0 0
0.065 0.1149 0.2398 0.2726 0.1641 0.0968 0.0328 0.0049 4e-04 0 0 0 0
0.0132 0.0452 0.237 0.2747 0.1928 0.1614 0.0597 0.0114 0.0017 9e-04 2e-04 0 0
0.0524 0.2353 0.1153 0.2261 0.1629 0.1333 0.0557 0.0055 0.0074 0.0035 0 0 0
0.0903 0.0786 0.1906 0.2845 0.1535 0.0798 0.0358 0.004 5e-04 0 0 0 0
0.1126 0.1729 0.3036 0.2359 0.0586 0.0449 0.0177 0.0024 1e-04 1e-04 0 0 0
0.1214 0.1816 0.3101 0.2439 0.0652 0.0148 0.003 2e-04 1e-04 0 0 0 0
0.1071 0.2244 0.3335 0.1873 0.0561 0.0217 0.0067 0.0011 2e-04 0 0 0 0
0.0693 0.1797 0.2433 0.3346 0.1428 0.0189 0.0023 7e-04 2e-04 1e-04 0 0 0
0.0163 0.0474 0.2244 0.4216 0.2306 0.0514 0.004 0.001 1e-04 0 0 0 0
0.0157 0.0323 0.1273 0.4876 0.2575 0.068 0.0038 0.0011 0 0 0 0 0
0.0216 0.0241 0.1455 0.3245 0.2337 0.1659 0.0544 4e-04 2e-04 0 0 0 0
0.1959 0.116 0.1535 0.2005 0.1146 0.0698 0.0615 0.025 0.0066 6e-04 0 0 0
0.0834 0.1218 0.2675 0.2407 0.1719 0.0635 0.0146 0.0019 8e-04 2e-04 0 0 0
0.0262 0.1001 0.3487 0.12 0.1937 0.1687 0.0271 0.0061 2e-04 0 0 0 0
0.0747 0.0623 0.2181 0.209 0.2586 0.1524 0.0105 7e-04 0 0 0 0 0
0.1073 0.1288 0.1954 0.2875 0.1397 0.0715 0.0108 0.0015 2e-04 0 0 0 0
0.1755 0.4464 0.1711 0.1373 0.0389 0.0089 0.0012 4e-04 2e-04 0 0 0 0
0.0452 0.0556 0.223 0.3062 0.2717 0.0652 0.0232 0.0026 1e-04 0 0 0 0
0.0628 0.1145 0.2868 0.1961 0.1027 0.1248 0.0843 0.0071 0.0025 0.0012 0 0 0
0.0111 0.0359 0.0636 0.2531 0.3786 0.2019 0.0453 0.0052 0.0014 3e-04 0 1e-04 0
0.1468 0.0741 0.1461 0.1629 0.1972 0.1454 0.0377 0.0113 9e-04 2e-04 0 1e-04 0
0.1406 0.1747 0.1572 0.3021 0.1322 0.0285 0.0074 7e-04 4e-04 1e-04 0 0 0
0.0499 0.067 0.3461 0.4269 0.0535 0.0203 0.005 3e-04 1e-04 0 0 0 0
0.0886 0.0995 0.2348 0.2073 0.1458 0.0809 0.0753 0.0165 0.002 1e-04 0 0 0
0.0778 0.1688 0.2583 0.1728 0.0738 0.0819 0.0988 0.0326 0.0038 3e-04 0 5e-04 0
0.1803 0.1817 0.1584 0.1798 0.1308 0.0965 0.0355 0.0039 3e-04 6e-04 0 1e-04 0
0.0643 0.0431 0.1911 0.3222 0.204 0.0891 0.0518 5e-04 0 1e-04 0 0 0
0.172 0.2878 0.2518 0.1562 0.0599 0.0301 0.0035 0 0.0015 0 0 0 0
0.1331 0.2305 0.3039 0.2156 0.0726 0.0166 0.001 0 0 0 0 0 0
0.1242 0.1247 0.4472 0.224 0.0477 0.0144 0.0013 1e-04 1e-04 0 0 0 0
0.0078 0.0426 0.4099 0.4091 0.0995 0.0209 0.0013 0 0 1e-04 0 0 0
0.0048 0.0107 0.0555 0.2648 0.4986 0.1565 0.0032 0 3e-04 0 0 0 0
0.2728 0.1153 0.0906 0.0884 0.0767 0.0304 0.0342 0.0068 0.0045 0 0 0 0
0.1184 0.0744 0.2674 0.3614 0.1322 0.0139 6e-04 1e-04 0 0 0 0 0
0.1791 0.2028 0.1656 0.2451 0.1038 0.0207 0.0051 0.0045 0.0019 0 0 0 0
0.1287 0.1811 0.1856 0.2302 0.0779 0.0831 0.0884 0.0116 0.0012 0.0013 1e-04 0 0
0.0148 0.026 0.1645 0.3493 0.2219 0.1402 0.0695 0.0085 1e-04 0 0 0 0
