0.0011 0.0011 0.0023 0.0122 0.0531 0.1184 0.1568 0.1399 0.1205 0.1133 0.1008 0.0704 0.0484 0.0313 0.0185 0.0086 0.0022 7e-04 1e-04 0 0 0
0.0546 0.0798 0.0108 0.0163 0.0484 0.0845 0.1289 0.1409 0.1127 0.0737 0.0579 0.054 0.0546 0.0454 0.023 0.0095 0.0038 0.001 2e-04 0 0 0
0.0606 0.1003 0.0995 0.142 0.1895 0.0649 0.042 0.0407 0.0419 0.0367 0.038 0.0349 0.0319 0.032 0.0222 0.0115 0.007 0.0033 0.001 2e-04 0 0
0.0431 0.099 0.1042 0.1675 0.1208 0.0808 0.0774 0.0627 0.0348 0.0318 0.0364 0.0369 0.0331 0.0265 0.0194 0.0124 0.0075 0.004 0.0014 3e-04 0 0
0.0505 0.1731 0.1123 0.1261 0.1046 0.1127 0.1038 0.0718 0.0411 0.0318 0.0234 0.0169 0.01 0.0073 0.006 0.0044 0.0025 0.0013 4e-04 1e-04 0 0
0.0033 0.03 0.1634 0.2292 0.1611 0.1042 0.1107 0.0723 0.0402 0.025 0.0199 0.013 0.0089 0.008 0.0053 0.0032 0.0015 6e-04 2e-04 0 0 0
0.0031 0.0462 0.0802 0.1239 0.1405 0.1583 0.1376 0.104 0.0572 0.0479 0.0338 0.0261 0.0149 0.0113 0.0072 0.0044 0.002 9e-04 4e-04 1e-04 0 0
5e-04 0.0042 0.0306 0.1073 0.111 0.1026 0.0977 0.0977 0.1198 0.116 0.0827 0.0566 0.0345 0.0213 0.0111 0.0043 0.0015 4e-04 1e-04 0 0 0
0.0031 0.0264 0.0521 0.0514 0.0829 0.1106 0.1127 0.0901 0.07 0.0507 0.0427 0.0461 0.0526 0.0752 0.0679 0.0415 0.0172 0.0054 0.0012 1e-04 0 0
0.0506 0.0613 0.0776 0.1282 0.1384 0.0975 0.1142 0.0928 0.0513 0.0268 0.0245 0.0243 0.0298 0.0399 0.0245 0.0111 0.0049 0.0022 1e-04 0 0 0
0.0325 0.0864 0.1156 0.2292 0.2398 0.0896 0.0514 0.0442 0.0308 0.0181 0.0194 0.0142 0.0098 0.0072 0.0047 0.0034 0.0021 0.0011 3e-04 0 0 0
0.0338 0.0985 0.1235 0.1913 0.1713 0.157 0.11 0.0637 0.0232 0.0103 0.0056 0.0041 0.0025 0.0021 0.0014 9e-04 4e-04 3e-04 2e-04 0 0 0
0.0259 0.0894 0.12 0.1539 0.1339 0.134 0.1242 0.0907 0.0551 0.0331 0.0185 0.0101 0.0042 0.0032 0.0016 0.0013 5e-04 3e-04 1e-04 0 0 0
0.0056 0.0218 0.0368 0.0632 0.129 0.1607 0.1585 0.1467 0.1076 0.0769 0.0402 0.0245 0.0135 0.008 0.004 0.0019 6e-04 3e-04 1e-04 0 0 0
0.0011 0.0031 0.0148 0.0327 0.0476 0.0823 0.1184 0.1335 0.1332 0.1128 0.0931 0.0791 0.0594 0.0449 0.0237 0.0125 0.0052 0.0018 5e-04 1e-04 0 0
8e-04 0.0022 0.0079 0.0242 0.0463 0.0611 0.0698 0.0857 0.0844 0.0989 0.0977 0.1041 0.0998 0.0934 0.0646 0.0359 0.0166 0.0056 8e-04 0 0 0
0.0122 0.0123 0.0253 0.0848 0.1856 0.1185 0.1078 0.0915 0.0648 0.0396 0.0346 0.0378 0.0473 0.0538 0.0427 0.0239 0.0099 0.0052 0.0021 3e-04 0 0
0.0566 0.1241 0.0861 0.074 0.1137 0.119 0.1271 0.113 0.0629 0.0304 0.0192 0.0139 0.0117 0.0128 0.012 0.0091 0.0064 0.0048 0.0023 7e-04 1e-04 0
0.0193 0.0533 0.0909 0.1524 0.1417 0.1766 0.1721 0.0901 0.0384 0.0218 0.0165 0.012 0.0067 0.004 0.0021 9e-04 3e-04 3e-04 2e-04 1e-04 0 0
0.0045 0.0075 0.0731 0.1285 0.0479 0.082 0.1366 0.1464 0.14 0.105 0.0646 0.0331 0.0156 0.0074 0.0039 0.0025 9e-04 4e-04 1e-04 0 0 0
0.0074 0.0232 0.0357 0.0804 0.0787 0.1196 0.1011 0.1018 0.0731 0.0751 0.0615 0.0633 0.0746 0.0587 0.031 0.0114 0.0028 6e-04 1e-04 0 0 0
0.0232 0.0801 0.1227 0.1205 0.2104 0.1203 0.0885 0.058 0.0482 0.0334 0.0264 0.0192 0.0153 0.014 0.0105 0.0048 0.0028 0.0013 4e-04 0 0 0
0.0175 0.1217 0.2555 0.1362 0.1237 0.1002 0.0788 0.0869 0.0399 0.0121 0.0085 0.0055 0.0028 0.0035 0.0029 0.002 0.0014 7e-04 2e-04 0 0 0
0.0062 0.0247 0.0353 0.127 0.1425 0.1345 0.127 0.1605 0.1103 0.0442 0.0286 0.0277 0.018 0.0078 0.0026 0.0014 7e-04 6e-04 4e-04 2e-04 0 0
0.0151 0.0318 0.1064 0.1857 0.0928 0.0697 0.0934 0.0998 0.075 0.0533 0.0415 0.0505 0.0331 0.0166 0.0117 0.011 0.0084 0.0035 6e-04 0 0 0
0.0019 0.0106 0.0505 0.0833 0.1467 0.2044 0.1468 0.0947 0.0462 0.0377 0.0327 0.0369 0.0341 0.032 0.0185 0.0121 0.0069 0.003 0.001 1e-04 0 0
0.037 0.0641 0.0354 0.0447 0.0469 0.0889 0.1167 0.1313 0.1331 0.1133 0.0627 0.0406 0.0292 0.0234 0.0151 0.0097 0.0046 0.0024 6e-04 1e-04 0 0
0.0478 0.0827 0.1468 0.1126 0.1338 0.0794 0.0567 0.0486 0.036 0.0417 0.041 0.0378 0.039 0.0382 0.0286 0.0155 0.0082 0.0039 0.0013 1e-04 0 0
0.0403 0.069 0.0745 0.1918 0.2995 0.1666 0.0743 0.0435 0.0175 0.0069 0.0043 0.0027 0.0023 0.0024 0.0019 0.0012 7e-04 4e-04 2e-04 1e-04 0 0
0.0501 0.0544 0.0673 0.1106 0.1205 0.138 0.1534 0.1326 0.0714 0.0337 0.027 0.0143 0.0079 0.0054 0.0047 0.003 0.0024 0.0017 0.001 4e-04 0 0
0.0196 0.0686 0.1525 0.1275 0.0841 0.0891 0.1172 0.118 0.0785 0.0494 0.0342 0.0279 0.0151 0.007 0.0058 0.0033 0.0014 6e-04 2e-04 0 0 0
0.0202 0.0882 0.1145 0.1033 0.1451 0.1251 0.1122 0.0769 0.049 0.045 0.0412 0.0325 0.0193 0.0084 0.0073 0.0053 0.0033 0.0018 0.001 4e-04 1e-04 0
0.0179 0.0842 0.0351 0.097 0.2012 0.106 0.1083 0.1194 0.0756 0.0481 0.0318 0.0211 0.0147 0.0123 0.0114 0.0087 0.0049 0.0016 6e-04 1e-04 0 0
0.0622 0.1881 0.2505 0.1735 0.0909 0.0662 0.0579 0.0409 0.0236 0.0132 0.0099 0.0097 0.0058 0.0042 0.0027 8e-04 0 0 0 0 0 0
0.0164 0.1659 0.2251 0.2247 0.1761 0.0886 0.0414 0.0247 0.0109 0.0066 0.0066 0.0052 0.0035 0.0018 0.0011 8e-04 4e-04 2e-04 0 0 0 0
0.0187 0.0779 0.1292 0.2923 0.1893 0.1027 0.0825 0.0535 0.0236 0.0141 0.0091 0.004 0.0017 6e-04 5e-04 3e-04 1e-04 0 0 0 0 0
0.0037 0.0032 0.0379 0.1347 0.1848 0.2415 0.1769 0.1018 0.052 0.0279 0.0175 0.0103 0.0042 0.0022 9e-04 4e-04 1e-04 0 0 0 0 0
5e-04 4e-04 5e-04 0.0079 0.0507 0.0997 0.1153 0.1516 0.1507 0.1494 0.1219 0.0775 0.0406 0.0207 0.0079 0.0033 0.001 3e-04 1e-04 0 0 0
0.032 0.0291 0.0271 0.0135 0.0172 0.0159 0.0206 0.0303 0.041 0.0828 0.1408 0.182 0.1704 0.1139 0.058 0.021 0.0039 7e-04 0 0 0 0
0.0661 0.1235 0.1012 0.2256 0.2135 0.1145 0.0579 0.0331 0.0162 0.0129 0.0101 0.0071 0.0057 0.0039 0.0033 0.0025 0.0018 9e-04 3e-04 1e-04 0 0
0.0676 0.1698 0.2996 0.1266 0.0904 0.0931 0.0714 0.0466 0.0157 0.0073 0.0038 0.0024 0.0016 0.0016 0.0011 7e-04 4e-04 2e-04 0 0 0 0
0.0196 0.1059 0.1345 0.1475 0.1829 0.1589 0.0893 0.072 0.0393 0.0207 0.0143 0.0078 0.0035 0.0017 9e-04 5e-04 3e-04 3e-04 1e-04 0 0 0
0.0087 0.0192 0.0456 0.1281 0.187 0.1559 0.1468 0.127 0.0965 0.0368 0.0174 0.0145 0.0073 0.0041 0.0025 0.0015 8e-04 3e-04 1e-04 0 0 0
