ParName   Value   Gradient
T_pars_est[2]      14.4287   0.00030349
T_pars_est[3]      13.9512   -0.0012559
T_pars_est[11]   -0.0826726  -0.00347501
T_pars_est[12]   -0.0826494 -2.29894e-12
T_pars_est[13]    -0.121303  9.35679e-05
T_pars_est[14]    -0.553068  -0.00154023
T_pars_est[15]    -0.426081  0.000979993
T_pars_est[16]    -0.258053 -0.000816481
T_pars_est[17]    -0.183462   0.00268048
T_pars_est[18]    -0.182889   0.00280413
T_pars_est[19]     -0.11206  -0.00174618
T_pars_est[20]    -0.080338  -0.00298364
T_pars_est[21]    0.0144699  -0.00228392
T_pars_est[22]   -0.0659528   0.00058413
T_pars_est[23]     -0.14306 -0.000878105
T_pars_est[24]    -0.256519 -0.000643852
T_pars_est[25]    -0.285145  -0.00103972
T_pars_est[26]     0.713805   0.00256511
T_pars_est[27]     0.140256   0.00515225
T_pars_est[28]    -0.466543  -0.00179098
T_pars_est[29]     -1.03439    -0.004374
T_pars_est[30]     -1.40141  -0.00260347
T_pars_est[31]     -1.68281  6.34558e-05
T_pars_est[32]    -0.679895  0.000633238
T_pars_est[33]    -0.399272  -0.00055659
T_pars_est[34]     0.718015  0.000727491
T_pars_est[35]    -0.341238  -0.00163978
T_pars_est[36]     0.528535   0.00223499
T_pars_est[37]   -0.0845211   0.00141776
T_pars_est[38]     0.562702   0.00360632
T_pars_est[39]     0.407171  0.000429197
T_pars_est[40]      0.30528  0.000980864
T_pars_est[41]     0.845531   0.00233902
T_pars_est[42]     0.486836  8.67477e-05
T_pars_est[43]     -0.12111 -0.000495001
T_pars_est[44]    0.0816319 -0.000647764
T_pars_est[45]     0.754133  -0.00111831
T_pars_est[46]  0.000139257 -2.14387e-05
T_pars_est[47]    -0.459714  -0.00190333
T_pars_est[48]    -0.406666 -0.000756734
T_pars_est[49]    -0.234458 -0.000216195
T_pars_est[50]     -0.16089 -0.000104747
T_pars_est[51]    -0.139294 -6.36712e-05
T_pars_est[52]    -0.128342  3.83015e-05
T_pars_est[53]    -0.113216  5.98478e-05
T_pars_est[54]   -0.0850987  9.05649e-06
T_pars_est[55]   -0.0826428   6.0758e-08
T_pars_est[56]   -0.0827909  4.96054e-06
T_pars_est[57]   -0.0828031  -6.7413e-06
T_pars_est[58]    -0.151386    0.0012576
T_pars_est[59]     0.801452   0.00489018
T_pars_est[60]      1.13752   0.00496758
T_pars_est[61]      1.21649  -0.00270777
T_pars_est[62]     0.620797 -9.55032e-05
T_pars_est[63]    0.0865756  -0.00107083
T_pars_est[64]    -0.288162  1.22645e-05
T_pars_est[65]    -0.318402   0.00224488
T_pars_est[66]    -0.165314 -0.000998712
T_pars_est[67]    -0.093721    0.0001833
T_pars_est[68]   -0.0809141   1.8652e-05
T_pars_est[69]   -0.0825028   1.1788e-06
T_pars_est[70]   -0.0825928  4.42861e-07
T_pars_est[71]   -0.0826118  2.98956e-07
T_pars_est[72]   -0.0826227   1.9817e-07
T_pars_est[73]   -0.0826346  9.38209e-08
T_pars_est[74]   -0.0826442  3.68099e-08
T_pars_est[75]   -0.0826476  1.13653e-08
T_pars_est[76]   -0.0826489  3.15802e-09
T_pars_est[77]    -0.333459   0.00106691
T_pars_est[78]    -0.797965  -0.00216213
T_pars_est[79]    -0.493915  -0.00279288
T_pars_est[80]    -0.461037  -0.00541701
T_pars_est[81]    -0.851166  0.000590115
T_pars_est[82]   -0.0978218   0.00250685
T_pars_est[83]     0.359128  -0.00270782
T_pars_est[84]   -0.0822836 -1.88266e-07
T_pars_est[85]   -0.0824763  1.87815e-07
T_pars_est[86]   -0.0826015  2.63698e-07
T_pars_est[87]   -0.0826342  2.03583e-07
T_pars_est[88]   -0.0826406  8.43286e-08
T_pars_est[89]    -0.082648  1.66529e-08
T_pars_est[90]   -0.0826493  1.29783e-09
T_pars_est[91]   -0.0826494  8.42394e-11
T_pars_est[92]   -0.0826494 -5.79634e-12
T_pars_est[93]   -0.0826494  2.50724e-11
log_fbar[1]     0.156759 -0.000797633
log_fbar[2]      -4.6111 -7.58409e-05
log_fdev[1](1)     -1.82749  0.000523057
log_fdev[1](2)     -1.95492   -0.0016315
log_fdev[1](3)     -1.21934   0.00224005
log_fdev[1](4)    -0.825647   -0.0026395
log_fdev[1](5)    -0.692115 -0.000966959
log_fdev[1](6)    -0.372219  -0.00168041
log_fdev[1](7)    -0.330193  0.000555429
log_fdev[1](8)     -0.36876   0.00358801
log_fdev[1](9)     0.635406    0.0025717
log_fdev[1](10)     0.249132 -0.000119218
log_fdev[1](11)     0.702743   0.00113075
log_fdev[1](12)     0.891653  0.000719637
log_fdev[1](13)     0.291608   0.00010446
log_fdev[1](14)     0.597756  -0.00121569
log_fdev[1](15)     0.581134  0.000150088
log_fdev[1](16)     0.359349   0.00492762
log_fdev[1](17)      1.19309   0.00125813
log_fdev[1](18)      -0.3011  0.000245129
log_fdev[1](19)    -0.386588  -0.00019839
log_fdev[1](20)     0.200644   0.00102865
log_fdev[1](21)     0.323518   0.00202076
log_fdev[1](22)    -0.287626  -0.00330489
log_fdev[1](23)    -0.445495   0.00160842
log_fdev[1](24)    -0.750858 -0.000590916
log_fdev[1](25)    -0.224621   0.00160687
log_fdev[1](26)     0.143752  -0.00534468
log_fdev[1](27)     -0.12086   0.00373539
log_fdev[1](28)    -0.612733    0.0027176
log_fdev[1](29)    -0.588704   0.00028404
log_fdev[1](30)    -0.137852  0.000691855
log_fdev[1](31)     0.260604  -0.00177979
log_fdev[1](32)     0.629229 -0.000728715
log_fdev[1](33)      1.05585  -3.3423e-05
log_fdev[1](34)      1.02414  -0.00137454
log_fdev[1](35)     0.595934   0.00141166
log_fdev[1](36)      0.59716  -0.00286285
log_fdev[1](37)      1.10312 -0.000306909
log_fdev[1](38)     0.801082  -0.00187928
log_fdev[1](39)       1.2784  0.000479834
log_fdev[1](40)     -0.57006   0.00227238
log_fdev[1](41)    -0.916856 -0.000532943
log_fdev[1](42)    -0.581263 -0.000432425
log_fdev[2](1)    -0.248623  -0.00343344
log_fdev[2](2)    -0.136143  -0.00367693
log_fdev[2](3)    -0.222848  -0.00309421
log_fdev[2](4)     -0.37557 -0.000683573
log_fdev[2](5)     -9.32291   0.00026845
log_fdev[2](6)     -5.22398   0.00317224
log_fdev[2](7)     -5.65678  -0.00121121
log_fdev[2](8)      -1.8568  -0.00198687
log_fdev[2](9)     -0.55457   0.00263992
log_fdev[2](10)      2.02796   0.00176742
log_fdev[2](11)       1.5826   0.00437264
log_fdev[2](12)      1.48995   0.00405634
log_fdev[2](13)      1.13679    0.0020753
log_fdev[2](14)      1.65075 -0.000116968
log_fdev[2](15)       1.4219  6.81842e-05
log_fdev[2](16)     0.603883    0.0024278
log_fdev[2](17)     0.899591   0.00132421
log_fdev[2](18)     0.285898 -0.000249661
log_fdev[2](19)     0.496351  5.55515e-07
log_fdev[2](20)     0.501791   0.00200138
log_fdev[2](21)     0.123857 -0.000570099
log_fdev[2](22)     0.144828  -0.00423633
log_fdev[2](23)     0.173179   -0.0015385
log_fdev[2](24)  -0.00639799    0.0025743
log_fdev[2](25)     0.678622   0.00248889
log_fdev[2](26)     0.438015 -0.000157425
log_fdev[2](27)    -0.198991  0.000845298
log_fdev[2](28)      0.25231   0.00295265
log_fdev[2](29)    -0.846888   0.00279909
log_fdev[2](30)    -0.726135 -1.15985e-05
log_fdev[2](31)    -0.185487  -0.00239247
log_fdev[2](32)     0.202984  -0.00321601
log_fdev[2](33)      1.75435  -0.00075238
log_fdev[2](34)      2.99949  -0.00201034
log_fdev[2](35)    -0.620969  -0.00154526
log_fdev[2](36)     0.367278 -0.000758113
log_fdev[2](37)      1.64282  -3.1765e-05
log_fdev[2](38)     0.756574  0.000148882
log_fdev[2](39)      1.22468  0.000150144
log_fdev[2](40)     0.869348 -2.84701e-05
log_fdev[2](41)   -0.0977446 -0.000177663
log_fdev[2](42)     0.555489 -0.000128276
log_fdev[2](43)     0.490038 -0.000144842
log_fdev[2](44)       1.5095 -0.000693711
log_foff[1]     -7.30419  -0.00106097
log_fdov[1](1)      2.50131  -0.00504013
log_fdov[1](2)      2.32108   0.00217643
log_fdov[1](3)      1.67991  -0.00284516
log_fdov[1](4)      1.21628  -0.00243359
log_fdov[1](5)      1.65992  0.000472129
log_fdov[1](6)      1.21676  0.000199768
log_fdov[1](7)     0.726423  -0.00417682
log_fdov[1](8)     0.768006   -0.0031711
log_fdov[1](9)      3.18613   0.00115644
log_fdov[1](10)      1.62724   0.00333833
log_fdov[1](11)      1.64387  0.000729131
log_fdov[1](12)     0.655827  0.000757662
log_fdov[1](13)     0.731704   0.00127903
log_fdov[1](14)    -0.945005  3.59071e-05
log_fdov[1](15)     0.725708   0.00365302
log_fdov[1](16)      1.05692   0.00143211
log_fdov[1](17)     -2.21633  -0.00291744
log_fdov[1](18)    -0.483797  -2.5023e-06
log_fdov[1](19)     -2.34069   0.00141254
log_fdov[1](20)    0.0895596  -0.00368158
log_fdov[1](21)     -2.16649 -0.000158871
log_fdov[1](22)     -2.34857  -0.00501403
log_fdov[1](23)     -1.60843   0.00230087
log_fdov[1](24)    -0.847692 -0.000852681
log_fdov[1](25)     -2.66545  0.000587616
log_fdov[1](26)    -0.303493  -0.00100368
log_fdov[1](27)    0.0370082  -0.00218818
log_fdov[1](28)     0.376409   0.00103242
log_fdov[1](29)     0.238561  -0.00102987
log_fdov[1](30)      2.43158  -0.00418082
log_fdov[1](31)      0.61485  0.000172051
log_fdov[1](32)     0.998664 -0.000182069
log_fdov[1](33)      1.63556  0.000123795
log_fdov[1](34)     0.862852   0.00135445
log_fdov[1](35)     0.227094   0.00135851
log_fdov[1](36)    0.0451219 -0.000679087
log_fdov[1](37)     -1.09445   0.00124509
log_fdov[1](38)    -0.198489  -0.00119758
log_fdov[1](39)     -3.59232   0.00198207
log_fdov[1](40)     -4.44954 -0.000968862
log_fdov[1](41)     -5.16284  -0.00211421
log_fdov[1](42)      1.14924 -0.000768918
rec_dev_est(1982)     0.587646  0.000166801
rec_dev_est(1983)     0.564594  -0.00131895
rec_dev_est(1984)      1.33847  -0.00346518
rec_dev_est(1985)      1.42095   0.00101568
rec_dev_est(1986)     0.361828  0.000836564
rec_dev_est(1987)     0.333194   0.00432148
rec_dev_est(1988)    -0.310695  -0.00120411
rec_dev_est(1989)    -0.471053  8.49357e-05
rec_dev_est(1990)      1.04636 -0.000596028
rec_dev_est(1991)      1.37362 -0.000915812
rec_dev_est(1992)    -0.687313  -0.00621361
rec_dev_est(1993)    -0.594173   0.00185848
rec_dev_est(1994)    -0.537626  0.000288683
rec_dev_est(1995)      -1.0603   -0.0012501
rec_dev_est(1996)     -1.37945   0.00142923
rec_dev_est(1997)     -1.27885  -0.00232359
rec_dev_est(1998)    -0.507503   0.00255647
rec_dev_est(1999)    -0.542105  0.000477114
rec_dev_est(2000)     -1.24196  -0.00297247
rec_dev_est(2001)     0.188818  0.000203138
rec_dev_est(2002)      1.01745 -0.000606254
rec_dev_est(2003)    -0.110016   0.00139663
rec_dev_est(2004)     0.271404   0.00227195
rec_dev_est(2005)    -0.952283   0.00107611
rec_dev_est(2006)     -1.54764 -0.000108883
rec_dev_est(2007)   0.00564474  -0.00361512
rec_dev_est(2008)     0.975496   0.00159152
rec_dev_est(2009)    -0.564841    0.0015303
rec_dev_est(2010)    -0.704967 -0.000153355
rec_dev_est(2011)    -0.687954   0.00072822
rec_dev_est(2012)    -0.858137  -0.00195594
rec_dev_est(2013)    -0.775496   0.00142608
rec_dev_est(2014)      1.30585  -0.00126611
rec_dev_est(2015)      1.37034  0.000613456
rec_dev_est(2016)      1.66483 -0.000557586
rec_dev_est(2017)    -0.719511 -0.000217184
rec_dev_est(2018)       -1.625 -0.000375536
rec_dev_est(2019)     -1.19772  0.000477911
rec_dev_est(2020)     0.147961   0.00211069
rec_dev_est(2021)     0.487672  0.000572752
rec_dev_est(2022)      1.52589  -0.00040703
rec_dev_est(2023)    -0.283368   0.00366993
rec_dev_est(2024)    -0.777226   0.00197858
rec_dev_est(2025)    -0.250428  -0.00305432
logit_rec_prop_est(1982)      1.00647   0.00998313
logit_rec_prop_est(1983)        1.067 -0.000472262
logit_rec_prop_est(1984)     0.170881  0.000707036
logit_rec_prop_est(1985)    0.0886678   0.00524941
logit_rec_prop_est(1986)     -2.22778 -0.000926616
logit_rec_prop_est(1987)  -0.00776676  -0.00209789
logit_rec_prop_est(1988)   -0.0986991 -0.000266849
logit_rec_prop_est(1989)   -0.0603058 -0.000486036
logit_rec_prop_est(1990)     0.977318  0.000790364
logit_rec_prop_est(1991)     0.116394    0.0035789
logit_rec_prop_est(1992)    -0.796357  0.000570787
logit_rec_prop_est(1993)    -0.462758   0.00208152
logit_rec_prop_est(1994)      -1.2607  -0.00199629
logit_rec_prop_est(1995)    -0.672666 -0.000426791
logit_rec_prop_est(1996)       1.8692 -0.000532421
logit_rec_prop_est(1997)      1.23975   0.00121907
logit_rec_prop_est(1998)     0.158086   0.00368338
logit_rec_prop_est(1999)    -0.890613   0.00271004
logit_rec_prop_est(2000)     -1.74563  0.000454221
logit_rec_prop_est(2001)     0.663373  0.000761055
logit_rec_prop_est(2002)     -1.15135  -0.00296973
logit_rec_prop_est(2003)     0.622935  -0.00194213
logit_rec_prop_est(2004)      0.90711   0.00160362
logit_rec_prop_est(2005)     0.140753 -0.000934945
logit_rec_prop_est(2006)      1.02319  0.000902873
logit_rec_prop_est(2007)   -0.0956673  0.000308644
logit_rec_prop_est(2008)    -0.997066   0.00189809
logit_rec_prop_est(2009)     -1.44622  -0.00165684
logit_rec_prop_est(2010)    -0.439967  -0.00102827
logit_rec_prop_est(2011)     -1.15552  -0.00171993
logit_rec_prop_est(2012)       1.5782    0.0015897
logit_rec_prop_est(2013)     0.441963  -0.00151366
logit_rec_prop_est(2014)      1.25731  -0.00369101
logit_rec_prop_est(2015)    -0.681586 -0.000523516
logit_rec_prop_est(2016)     -3.03728   0.00086322
logit_rec_prop_est(2017)     -1.76834   0.00272868
logit_rec_prop_est(2018)       2.4273  -0.00212836
logit_rec_prop_est(2019)       -2.072 -0.000512689
logit_rec_prop_est(2020)      0.80004  -0.00232488
logit_rec_prop_est(2021)     0.691477   -0.0020004
logit_rec_prop_est(2022)     -0.19459  0.000686427
logit_rec_prop_est(2023)       1.8086  0.000660336
logit_rec_prop_est(2024)      1.95104  -0.00185425
logit_rec_prop_est(2025)     0.255788  0.000506028
