ParName   Value   Gradient
T_pars_est[2]      14.4287  0.000226297
T_pars_est[3]      13.9517   0.00109966
T_pars_est[11]   -0.0826507 -0.000192251
T_pars_est[12]   -0.0826494 -4.63355e-10
T_pars_est[13]    -0.121304 -0.000156326
T_pars_est[14]    -0.553054   0.00155568
T_pars_est[15]     -0.42608  0.000144693
T_pars_est[16]     -0.25805 -0.000378474
T_pars_est[17]    -0.183462   -0.0012923
T_pars_est[18]    -0.182896  -0.00796906
T_pars_est[19]    -0.112047   0.00203936
T_pars_est[20]   -0.0803236   0.00243209
T_pars_est[21]    0.0144826   0.00118902
T_pars_est[22]   -0.0659467 -0.000842447
T_pars_est[23]     -0.14306  -0.00420767
T_pars_est[24]    -0.256512  -0.00133257
T_pars_est[25]    -0.285135  0.000339821
T_pars_est[26]     0.713813 -0.000201105
T_pars_est[27]     0.140263 -0.000534214
T_pars_est[28]    -0.466534 -0.000861214
T_pars_est[29]     -1.03438  -0.00185397
T_pars_est[30]     -1.40139   0.00503285
T_pars_est[31]      -1.6828   0.00195699
T_pars_est[32]    -0.679893  -0.00166855
T_pars_est[33]    -0.399279   0.00253946
T_pars_est[34]     0.717972   0.00127961
T_pars_est[35]    -0.341191 -0.000799387
T_pars_est[36]      0.52856  -0.00384231
T_pars_est[37]   -0.0845056   0.00339224
T_pars_est[38]     0.562708  -0.00119675
T_pars_est[39]     0.407196   0.00526611
T_pars_est[40]      0.30529 -0.000277651
T_pars_est[41]     0.845542  -0.00174856
T_pars_est[42]     0.486847 -0.000934193
T_pars_est[43]      -0.1211  0.000374826
T_pars_est[44]     0.081638  -0.00057089
T_pars_est[45]     0.754144 -0.000350536
T_pars_est[46]  0.000145746   0.00129893
T_pars_est[47]    -0.459704  0.000109935
T_pars_est[48]    -0.406658  0.000687729
T_pars_est[49]    -0.234455  7.51062e-05
T_pars_est[50]    -0.160888  1.50487e-05
T_pars_est[51]    -0.139294 -0.000120612
T_pars_est[52]    -0.128343 -5.49465e-05
T_pars_est[53]    -0.113216 -9.19776e-05
T_pars_est[54]   -0.0850987  1.29118e-05
T_pars_est[55]   -0.0826428 -3.24608e-08
T_pars_est[56]   -0.0827915 -3.81535e-07
T_pars_est[57]   -0.0828042  1.00733e-05
T_pars_est[58]    -0.151422  0.000749667
T_pars_est[59]     0.801314  -0.00061731
T_pars_est[60]       1.1374 -0.000367872
T_pars_est[61]      1.21639 -0.000266882
T_pars_est[62]     0.620741 -0.000809683
T_pars_est[63]    0.0865854  -0.00123339
T_pars_est[64]    -0.288168   0.00107815
T_pars_est[65]    -0.318407  0.000841302
T_pars_est[66]    -0.165293  0.000103454
T_pars_est[67]   -0.0937154 -0.000156651
T_pars_est[68]   -0.0809148  9.74056e-06
T_pars_est[69]   -0.0825029  3.66217e-07
T_pars_est[70]   -0.0825928  7.53328e-08
T_pars_est[71]   -0.0826118  6.93022e-08
T_pars_est[72]   -0.0826227   3.9713e-08
T_pars_est[73]   -0.0826346  1.62646e-08
T_pars_est[74]   -0.0826442   7.2698e-09
T_pars_est[75]   -0.0826476 -2.34352e-09
T_pars_est[76]   -0.0826489  -2.1686e-09
T_pars_est[77]    -0.333441   0.00406026
T_pars_est[78]    -0.797941  -0.00210654
T_pars_est[79]    -0.493857   0.00399284
T_pars_est[80]    -0.460999  -0.00242056
T_pars_est[81]    -0.851154  0.000973195
T_pars_est[82]   -0.0978562  -0.00371828
T_pars_est[83]     0.359144 -0.000947992
T_pars_est[84]   -0.0822836  1.26932e-06
T_pars_est[85]   -0.0824763  3.29699e-07
T_pars_est[86]   -0.0826015    -1.36e-07
T_pars_est[87]   -0.0826342 -1.38536e-07
T_pars_est[88]   -0.0826406 -5.69844e-08
T_pars_est[89]    -0.082648 -6.39425e-10
T_pars_est[90]   -0.0826493 -3.40204e-09
T_pars_est[91]   -0.0826494   -1.444e-09
T_pars_est[92]   -0.0826494  2.44336e-09
T_pars_est[93]   -0.0826494   -4.382e-09
log_fbar[1]     0.156623  0.000140922
log_fbar[2]     -4.61128 -5.31887e-05
log_fdev[1](1)     -1.82735  0.000741158
log_fdev[1](2)     -1.95478  0.000489046
log_fdev[1](3)      -1.2192  0.000704515
log_fdev[1](4)     -0.82551 -0.000665141
log_fdev[1](5)    -0.691979  0.000492729
log_fdev[1](6)    -0.372086  0.000620086
log_fdev[1](7)    -0.330073  -0.00143053
log_fdev[1](8)    -0.368629  7.75613e-07
log_fdev[1](9)     0.635546 -0.000304652
log_fdev[1](10)     0.249268  0.000661715
log_fdev[1](11)     0.702878  -0.00137885
log_fdev[1](12)      0.89177  -0.00128749
log_fdev[1](13)     0.291777  0.000942881
log_fdev[1](14)     0.597957   -0.0011273
log_fdev[1](15)     0.581276 -0.000435568
log_fdev[1](16)     0.359443  -0.00136088
log_fdev[1](17)      1.19314   0.00114889
log_fdev[1](18)    -0.300985  6.87511e-05
log_fdev[1](19)    -0.386423  0.000780415
log_fdev[1](20)      0.20088  0.000220019
log_fdev[1](21)     0.323713   0.00116661
log_fdev[1](22)     -0.28747  0.000137841
log_fdev[1](23)    -0.445316   0.00019902
log_fdev[1](24)    -0.750614  -0.00087902
log_fdev[1](25)    -0.224371  0.000544268
log_fdev[1](26)      0.14393 -0.000103905
log_fdev[1](27)    -0.120647  0.000902793
log_fdev[1](28)    -0.612552  0.000426981
log_fdev[1](29)    -0.588585 -0.000116568
log_fdev[1](30)    -0.137726 -0.000826615
log_fdev[1](31)     0.260769 -6.59377e-05
log_fdev[1](32)     0.629381  0.000291917
log_fdev[1](33)      1.05597   -0.0017851
log_fdev[1](34)      1.02432  -0.00014007
log_fdev[1](35)     0.596174  8.59227e-05
log_fdev[1](36)     0.597519 -8.53558e-05
log_fdev[1](37)       1.1035 -5.09446e-05
log_fdev[1](38)     0.801815   0.00294812
log_fdev[1](39)      1.27898  -0.00219877
log_fdev[1](40)    -0.570232  0.000679131
log_fdev[1](41)    -0.919486  0.000378643
log_fdev[1](42)    -0.585988 -0.000541952
log_fdev[2](1)    -0.248431 -0.000835478
log_fdev[2](2)    -0.135949 -4.31103e-05
log_fdev[2](3)    -0.222657   1.0041e-05
log_fdev[2](4)    -0.375386  8.25796e-05
log_fdev[2](5)     -9.32273 -3.36931e-05
log_fdev[2](6)     -5.22382 -0.000130543
log_fdev[2](7)     -5.65661  0.000481493
log_fdev[2](8)     -1.85662  -0.00189353
log_fdev[2](9)    -0.554387  -0.00010667
log_fdev[2](10)      2.02813   0.00181383
log_fdev[2](11)      1.58278   0.00146678
log_fdev[2](12)      1.49012  0.000172987
log_fdev[2](13)        1.137  0.000657874
log_fdev[2](14)      1.65097   0.00072041
log_fdev[2](15)      1.42207 -0.000433463
log_fdev[2](16)     0.604012   0.00505074
log_fdev[2](17)     0.899699   0.00302404
log_fdev[2](18)     0.286058  8.01731e-05
log_fdev[2](19)     0.496552  -0.00114374
log_fdev[2](20)      0.50204 -0.000722142
log_fdev[2](21)      0.12405 -0.000473584
log_fdev[2](22)     0.144996  -0.00294031
log_fdev[2](23)     0.173382  -0.00266307
log_fdev[2](24)   -0.0061305   0.00125258
log_fdev[2](25)       0.6789  0.000452619
log_fdev[2](26)     0.438231   -0.0020446
log_fdev[2](27)     -0.19875  5.92397e-05
log_fdev[2](28)     0.252533   0.00216811
log_fdev[2](29)     -0.84673  -0.00118612
log_fdev[2](30)    -0.725974  -0.00344678
log_fdev[2](31)    -0.185299  -0.00120281
log_fdev[2](32)     0.203147   0.00152774
log_fdev[2](33)      1.75449   0.00463379
log_fdev[2](34)      2.99963  -0.00262766
log_fdev[2](35)    -0.620784  -0.00193503
log_fdev[2](36)     0.367558  0.000843757
log_fdev[2](37)      1.64326 -0.000921359
log_fdev[2](38)     0.757263 -0.000277846
log_fdev[2](39)      1.22523  0.000984641
log_fdev[2](40)      0.86923 -0.000862216
log_fdev[2](41)   -0.0987056  -0.00134471
log_fdev[2](42)     0.554068  0.000848104
log_fdev[2](43)     0.487754   -0.0014599
log_fdev[2](44)      1.50581   0.00250155
log_foff[1]     -7.30464  0.000458922
log_fdov[1](1)      2.50174 -0.000549602
log_fdov[1](2)      2.32151  0.000439044
log_fdov[1](3)      1.68034 -0.000633561
log_fdov[1](4)      1.21668   0.00152023
log_fdov[1](5)      1.66024  -0.00138566
log_fdov[1](6)        1.217   -0.0021818
log_fdov[1](7)     0.726617   0.00377052
log_fdov[1](8)     0.768156  -0.00139593
log_fdov[1](9)      3.18617  0.000327453
log_fdov[1](10)      1.62713  -0.00163724
log_fdov[1](11)      1.64371   0.00316758
log_fdov[1](12)     0.655757   0.00270988
log_fdov[1](13)     0.731868  -0.00269327
log_fdov[1](14)    -0.944776   0.00356259
log_fdov[1](15)     0.725846   0.00027832
log_fdov[1](16)      1.05688   0.00544328
log_fdov[1](17)     -2.21654  -0.00276021
log_fdov[1](18)    -0.484213   0.00268772
log_fdov[1](19)     -2.34124  -0.00294669
log_fdov[1](20)    0.0887715   0.00052421
log_fdov[1](21)     -2.16744  -0.00293127
log_fdov[1](22)     -2.34955  -0.00140656
log_fdov[1](23)      -1.6094 -0.000380152
log_fdov[1](24)    -0.848204   0.00248144
log_fdov[1](25)     -2.66578  -0.00299257
log_fdov[1](26)    -0.303789   0.00216383
log_fdov[1](27)    0.0365802  -0.00350031
log_fdov[1](28)     0.375901  -0.00136323
log_fdov[1](29)     0.238016 -0.000206336
log_fdov[1](30)      2.43092   0.00229417
log_fdov[1](31)     0.614099 -0.000426107
log_fdov[1](32)       0.9978  -0.00110294
log_fdov[1](33)      1.63449   0.00412724
log_fdov[1](34)     0.861465 -0.000805749
log_fdov[1](35)     0.225357  -0.00083587
log_fdov[1](36)    0.0427316 -0.000186538
log_fdov[1](37)      -1.0949   0.00112884
log_fdov[1](38)    -0.199121  -0.00710956
log_fdov[1](39)     -3.59248   0.00712133
log_fdov[1](40)     -4.44871  -0.00357456
log_fdov[1](41)     -5.15577  -0.00283029
log_fdov[1](42)      1.15615   0.00140503
rec_dev_est(1982)     0.587249  0.000728063
rec_dev_est(1983)      0.56417 -0.000273865
rec_dev_est(1984)      1.33807 -0.000538002
rec_dev_est(1985)      1.42067  0.000289203
rec_dev_est(1986)     0.361496  0.000116529
rec_dev_est(1987)     0.333657 -4.31985e-06
rec_dev_est(1988)    -0.310637  -0.00144212
rec_dev_est(1989)    -0.471393  -0.00127586
rec_dev_est(1990)      1.04583   0.00132234
rec_dev_est(1991)      1.37297  -0.00111578
rec_dev_est(1992)    -0.686603  -0.00028986
rec_dev_est(1993)    -0.593221   0.00191225
rec_dev_est(1994)    -0.536634 -0.000872493
rec_dev_est(1995)     -1.05924 -0.000697663
rec_dev_est(1996)     -1.37918   0.00156387
rec_dev_est(1997)     -1.27878  -0.00197354
rec_dev_est(1998)    -0.506838   0.00146026
rec_dev_est(1999)    -0.541431  -9.0186e-05
rec_dev_est(2000)     -1.24159  0.000618187
rec_dev_est(2001)     0.188853 -0.000288451
rec_dev_est(2002)      1.01695 -4.80969e-06
rec_dev_est(2003)    -0.109732 -0.000298846
rec_dev_est(2004)     0.271323   0.00129631
rec_dev_est(2005)     -0.95191  -0.00169814
rec_dev_est(2006)      -1.5474 -1.85713e-06
rec_dev_est(2007)   0.00585272 -0.000303321
rec_dev_est(2008)     0.975904  2.81216e-05
rec_dev_est(2009)    -0.564543 -0.000765292
rec_dev_est(2010)    -0.702951 -0.000496084
rec_dev_est(2011)     -0.68661   0.00276008
rec_dev_est(2012)    -0.856538 -0.000652281
rec_dev_est(2013)    -0.774854  0.000665887
rec_dev_est(2014)      1.30584 -0.000167584
rec_dev_est(2015)      1.36835 -0.000545242
rec_dev_est(2016)       1.6625   0.00200624
rec_dev_est(2017)    -0.724353  0.000165039
rec_dev_est(2018)     -1.62488 -6.91379e-05
rec_dev_est(2019)     -1.19995  -0.00123574
rec_dev_est(2020)     0.147324  0.000480429
rec_dev_est(2021)     0.488182  0.000340742
rec_dev_est(2022)      1.52556  -0.00045475
rec_dev_est(2023)     -0.28115  -0.00138576
rec_dev_est(2024)    -0.776962   0.00152206
rec_dev_est(2025)    -0.250975  0.000176455
