ParName   Value   Gradient
T_pars_est[2]      14.4326 -0.000680085
T_pars_est[3]      13.9555  0.000352005
T_pars_est[11]   -0.0826494  2.05345e-06
T_pars_est[12]   -0.0826494   3.7378e-12
T_pars_est[13]    -0.121151  0.000203464
T_pars_est[14]    -0.552767 -0.000893281
T_pars_est[15]    -0.425743  -0.00113258
T_pars_est[16]    -0.257833  -0.00156393
T_pars_est[17]     -0.18335  0.000176076
T_pars_est[18]    -0.182926   0.00041333
T_pars_est[19]    -0.112095  0.000490952
T_pars_est[20]   -0.0804712  0.000175083
T_pars_est[21]    0.0143304  0.000590232
T_pars_est[22]   -0.0657346  -0.00234684
T_pars_est[23]    -0.142202  -0.00189124
T_pars_est[24]    -0.254649  0.000905439
T_pars_est[25]    -0.282528 -0.000452877
T_pars_est[26]     0.715426  0.000281141
T_pars_est[27]     0.140478  0.000190342
T_pars_est[28]     -0.46733  6.97906e-05
T_pars_est[29]      -1.0357 -1.61104e-05
T_pars_est[30]     -1.40289   0.00044153
T_pars_est[31]     -1.68405  -0.00102825
T_pars_est[32]    -0.680312  -0.00282756
T_pars_est[33]    -0.399087 -0.000110129
T_pars_est[34]     0.718976  0.000149973
T_pars_est[35]    -0.340599 -0.000674765
T_pars_est[36]      0.52964  0.000676797
T_pars_est[37]   -0.0840878  -0.00018954
T_pars_est[38]     0.562966 -0.000858411
T_pars_est[39]     0.407192   0.00117564
T_pars_est[40]     0.305536   0.00139091
T_pars_est[41]      0.84504  -0.00035766
T_pars_est[42]     0.485664  0.000193714
T_pars_est[43]    -0.121229 -0.000970682
T_pars_est[44]    0.0814952  0.000479148
T_pars_est[45]     0.751385  5.77354e-05
T_pars_est[46]  -0.00180684    0.0032977
T_pars_est[47]    -0.460901   0.00102041
T_pars_est[48]    -0.407395 -0.000423566
T_pars_est[49]    -0.234676   0.00181279
T_pars_est[50]    -0.160965  0.000113798
T_pars_est[51]    -0.139371  0.000404666
T_pars_est[52]    -0.128417  0.000195413
T_pars_est[53]     -0.11327 -6.91006e-05
T_pars_est[54]   -0.0851035 -1.14693e-05
T_pars_est[55]   -0.0826428 -1.12918e-08
T_pars_est[56]   -0.0827927  4.83518e-08
T_pars_est[57]   -0.0828105  8.29615e-05
T_pars_est[58]    -0.151617 -0.000796582
T_pars_est[59]     0.800766  0.000347554
T_pars_est[60]      1.13699  0.000583603
T_pars_est[61]      1.21645  0.000497566
T_pars_est[62]     0.621147  0.000651498
T_pars_est[63]    0.0870103 -0.000466447
T_pars_est[64]    -0.287709  0.000259306
T_pars_est[65]    -0.318354 -0.000578528
T_pars_est[66]    -0.165325  -0.00127789
T_pars_est[67]   -0.0935748  -0.00039469
T_pars_est[68]   -0.0809157 -2.34204e-05
T_pars_est[69]   -0.0825032 -1.64899e-06
T_pars_est[70]   -0.0825929 -6.34621e-07
T_pars_est[71]   -0.0826119 -4.40415e-07
T_pars_est[72]   -0.0826228  -2.8173e-07
T_pars_est[73]   -0.0826347  -1.5295e-07
T_pars_est[74]   -0.0826442 -6.39729e-08
T_pars_est[75]   -0.0826476 -2.14303e-08
T_pars_est[76]   -0.0826489 -6.20419e-09
T_pars_est[77]    -0.333531   1.1525e-05
T_pars_est[78]    -0.797805  0.000200732
T_pars_est[79]    -0.493201   0.00153786
T_pars_est[80]    -0.460368 -0.000434289
T_pars_est[81]    -0.850841  0.000763661
T_pars_est[82]   -0.0978337 -0.000252207
T_pars_est[83]     0.359655   0.00230386
T_pars_est[84]   -0.0822839 -4.75304e-06
T_pars_est[85]   -0.0824764 -1.97173e-06
T_pars_est[86]   -0.0826016  -3.7403e-07
T_pars_est[87]   -0.0826342 -2.66492e-08
T_pars_est[88]   -0.0826406 -3.67801e-08
T_pars_est[89]    -0.082648 -3.50059e-09
T_pars_est[90]   -0.0826493 -3.29024e-10
T_pars_est[91]   -0.0826494 -1.39701e-11
T_pars_est[92]   -0.0826494 -1.84484e-11
T_pars_est[93]   -0.0826494 -6.30593e-12
G_pars_est[1]    0.0374477  -5.8368e-05
G_pars_est[2]     -0.25452  0.000138106
G_pars_est[4]     -4.74229 -0.000658206
G_pars_est[5]    -0.423968 -0.000477984
M_pars_est[1]     0.293188 -0.000529831
M_pars_est[2]     0.751428  0.000185905
M_pars_est[3]      1.18902    0.0002164
M_pars_est[5]    -0.138509  0.000331989
M_pars_est[7]      2.09883  0.000287294
M_pars_est[9]     0.266707 -0.000353733
M_pars_est[10]     0.250746 -0.000237745
M_pars_est[11]      1.22364 -0.000616617
M_pars_est[13]     0.489762 -9.07401e-05
M_pars_est[14]      2.15701      0.00102
S_pars_est[1]      4.68708  0.000170147
S_pars_est[2]      1.69529 -4.16245e-05
S_pars_est[3]      4.84459  0.000486248
S_pars_est[4]      2.38461  0.000134923
S_pars_est[5]      -3.3694   0.00104645
S_pars_est[6]     -2.83251  -0.00065405
S_pars_est[7]     -2.52283  -0.00145479
S_pars_est[8]     -1.69459  9.93277e-05
S_pars_est[9]     -1.72292  -0.00181548
S_pars_est[10]     -1.56353   -0.0006681
S_pars_est[11]     -1.25726   0.00208252
S_pars_est[12]     -1.18443  0.000268477
S_pars_est[13]     -1.25968   0.00181597
S_pars_est[14]     -1.15341  0.000558468
S_pars_est[15]     -1.05146 -0.000141663
S_pars_est[16]    -0.976951  -0.00112012
S_pars_est[17]    -0.940946  0.000908033
S_pars_est[18]    -0.827832 -0.000456789
S_pars_est[19]     -0.80278   0.00115877
S_pars_est[20]     -1.09932 -0.000314685
S_pars_est[21]    -0.878059  0.000172233
S_pars_est[22]     -0.64236 -0.000347347
S_pars_est[23]    -0.454192  0.000368925
S_pars_est[24]    -0.294211  0.000454655
S_pars_est[25]    -0.189283  0.000248824
S_pars_est[26]    -0.299216 -0.000212877
S_pars_est[27]     -3.96417  0.000553676
S_pars_est[28]     -3.34119 -0.000250574
S_pars_est[29]     -2.55207  0.000247836
S_pars_est[30]     -1.85457 -0.000149708
S_pars_est[31]     -1.63396  -0.00029311
S_pars_est[32]     -1.41951  0.000731098
S_pars_est[33]     -1.20042  -0.00123989
S_pars_est[34]     -1.08601   0.00138705
S_pars_est[35]     -1.13762   0.00118337
S_pars_est[36]      -1.1248 -0.000670782
S_pars_est[37]     -1.06156 -0.000707693
S_pars_est[38]    -0.977568   0.00114535
S_pars_est[39]    -0.921134  9.46475e-06
S_pars_est[40]    -0.796494 -0.000572944
S_pars_est[41]    -0.641617  -0.00117924
S_pars_est[42]     -0.39057 -0.000481506
S_pars_est[43]      -0.2701  0.000156084
S_pars_est[44]    -0.189236 -0.000250012
S_pars_est[45]    -0.154659  -0.00120802
S_pars_est[46]     -0.11296 -1.80082e-05
S_pars_est[47]   -0.0691056 -2.38495e-05
S_pars_est[48]   -0.0542497 -1.26608e-05
S_pars_est[49]      4.20643 -0.000606982
S_pars_est[50]      1.02151 -0.000871461
S_pars_est[51]     -4.81643  0.000532524
S_pars_est[52]     -3.91289  0.000846236
S_pars_est[53]     -3.53682 -0.000731064
S_pars_est[54]     -1.79005   0.00128784
S_pars_est[55]      -1.1251  0.000719998
S_pars_est[56]    -0.504756 -0.000579351
S_pars_est[57]      -0.5296  0.000269273
S_pars_est[58]    -0.771692 -0.000345056
S_pars_est[59]    -0.848882   0.00157081
S_pars_est[60]     -1.00653 -0.000332107
S_pars_est[61]    -0.967102  0.000567439
S_pars_est[62]    -0.870852  5.06535e-05
S_pars_est[63]    -0.824189  0.000150772
S_pars_est[64]    -0.778226 -0.000379036
S_pars_est[65]    -0.710987 -0.000433367
S_pars_est[66]    -0.623614 -0.000152287
S_pars_est[67]    -0.524385 -1.90561e-05
S_pars_est[68]    -0.420081  3.21467e-06
S_pars_est[69]    -0.311422  9.47955e-07
S_pars_est[70]    -0.197298 -1.42263e-08
S_pars_est[71]    -0.080601  2.33217e-06
S_pars_est[73]     -4.68737 -0.000556541
S_pars_est[74]     -3.93766  -0.00010005
S_pars_est[75]     -3.40345  -0.00139375
S_pars_est[76]     -1.29332  0.000307593
S_pars_est[77]    -0.619967   0.00052518
S_pars_est[78]    -0.191875  -0.00115691
S_pars_est[79]    -0.243915  2.72741e-06
S_pars_est[80]    -0.867602  0.000541264
S_pars_est[81]     -1.02262  0.000522394
S_pars_est[82]      -1.2422  0.000808229
S_pars_est[83]     -1.37984 -0.000249185
S_pars_est[84]      -1.0255  9.22846e-05
S_pars_est[85]    -0.831811 -0.000383308
S_pars_est[86]    -0.778149  0.000387999
S_pars_est[87]    -0.710955 -0.000724055
S_pars_est[88]    -0.623606 -0.000862223
S_pars_est[89]     -0.52438 -0.000185414
S_pars_est[90]    -0.420078  4.70358e-05
S_pars_est[91]    -0.311421   7.1472e-06
S_pars_est[92]    -0.197297 -7.12809e-07
S_pars_est[93]   -0.0806009  3.00429e-07
S_pars_est[95]      4.60094 -9.41038e-05
S_pars_est[96]     0.386828 -0.000225252
log_fbar[1]     0.161081 -0.000140833
log_fbar[2]      -4.6054  0.000308273
log_fdev[1](1)     -1.82795  0.000821255
log_fdev[1](2)     -1.95476  2.40402e-05
log_fdev[1](3)      -1.2191  0.000142452
log_fdev[1](4)     -0.82544  8.11002e-05
log_fdev[1](5)    -0.691943  0.000222975
log_fdev[1](6)    -0.372115  0.000316049
log_fdev[1](7)    -0.330331  0.000301853
log_fdev[1](8)    -0.369018  0.000204808
log_fdev[1](9)      0.63594  0.000169171
log_fdev[1](10)     0.248156  0.000145739
log_fdev[1](11)     0.702067  1.17538e-05
log_fdev[1](12)      0.89146 -2.05422e-05
log_fdev[1](13)     0.290718 -0.000141888
log_fdev[1](14)     0.597798 -4.56123e-05
log_fdev[1](15)     0.581565  0.000185026
log_fdev[1](16)      0.35826  0.000292819
log_fdev[1](17)       1.1927 -0.000306583
log_fdev[1](18)     -0.30165 -9.70036e-05
log_fdev[1](19)    -0.387012  0.000107284
log_fdev[1](20)     0.200449 -5.51227e-05
log_fdev[1](21)     0.324189  9.62788e-05
log_fdev[1](22)    -0.286791  0.000418456
log_fdev[1](23)    -0.444977  0.000132794
log_fdev[1](24)    -0.751113  0.000148798
log_fdev[1](25)    -0.224124   0.00016131
log_fdev[1](26)     0.144667 -1.16516e-05
log_fdev[1](27)    -0.119841 -0.000393372
log_fdev[1](28)    -0.612104 -0.000436544
log_fdev[1](29)    -0.588674 -0.000287493
log_fdev[1](30)    -0.138492 -9.02292e-06
log_fdev[1](31)     0.260342  -0.00013707
log_fdev[1](32)     0.629221 -0.000504207
log_fdev[1](33)      1.05578 -0.000243269
log_fdev[1](34)      1.02438 -0.000122744
log_fdev[1](35)     0.596257 -0.000203607
log_fdev[1](36)     0.598975 -2.71945e-05
log_fdev[1](37)      1.09873  1.78015e-05
log_fdev[1](38)     0.798175 -0.000278919
log_fdev[1](39)      1.27758 -0.000114067
log_fdev[1](40)    -0.569898 -8.98522e-05
log_fdev[1](41)    -0.914815  1.48773e-05
log_fdev[1](42)    -0.577249 -0.000190447
log_fdev[2](1)    -0.248865  0.000260051
log_fdev[2](2)    -0.135709  0.000626349
log_fdev[2](3)     -0.22229  0.000745873
log_fdev[2](4)    -0.375046  0.000776915
log_fdev[2](5)     -9.32242  -0.00121098
log_fdev[2](6)     -5.22359  -0.00087524
log_fdev[2](7)     -5.65666  0.000105434
log_fdev[2](8)     -1.85687 -0.000202264
log_fdev[2](9)    -0.554089  0.000426575
log_fdev[2](10)      2.02742  0.000507571
log_fdev[2](11)        1.582 -0.000551369
log_fdev[2](12)      1.48969  0.000159142
log_fdev[2](13)       1.1359 -0.000899089
log_fdev[2](14)      1.65037   0.00146907
log_fdev[2](15)      1.42201 -3.65288e-05
log_fdev[2](16)     0.603269   0.00169549
log_fdev[2](17)     0.899373 -0.000731718
log_fdev[2](18)     0.285286  -0.00138221
log_fdev[2](19)      0.49599   0.00162316
log_fdev[2](20)      0.50169  -0.00012228
log_fdev[2](21)     0.124328   0.00016855
log_fdev[2](22)     0.145606   0.00171841
log_fdev[2](23)     0.173815  -0.00150185
log_fdev[2](24)  -0.00651144  0.000462935
log_fdev[2](25)        0.679  -0.00016157
log_fdev[2](26)     0.438984  0.000980158
log_fdev[2](27)    -0.197972 -0.000981451
log_fdev[2](28)     0.253108 -0.000792326
log_fdev[2](29)    -0.846556 -0.000833268
log_fdev[2](30)    -0.726366  -0.00104601
log_fdev[2](31)    -0.185513   0.00055529
log_fdev[2](32)     0.202901  -0.00124271
log_fdev[2](33)      1.75415 -0.000623916
log_fdev[2](34)      2.99932  0.000591735
log_fdev[2](35)    -0.621218  -0.00125056
log_fdev[2](36)     0.367141  0.000657921
log_fdev[2](37)      1.63732  0.000412908
log_fdev[2](38)     0.753854  0.000228991
log_fdev[2](39)      1.22416 -4.55708e-06
log_fdev[2](40)     0.869425  0.000187754
log_fdev[2](41)   -0.0973674 -5.66736e-05
log_fdev[2](42)     0.556204  -0.00093298
log_fdev[2](43)     0.491805 -0.000591061
log_fdev[2](44)      1.51293  0.000924732
log_foff[1]     -7.30759   3.5391e-05
log_fdov[1](1)      2.50185  0.000282079
log_fdov[1](2)      2.32099  0.000891848
log_fdov[1](3)      1.67969  0.000315789
log_fdov[1](4)      1.21587  0.000499817
log_fdov[1](5)      1.65949  8.80874e-05
log_fdov[1](6)      1.21651 -0.000274979
log_fdov[1](7)     0.726655 -0.000549352
log_fdov[1](8)      0.76848 -0.000442584
log_fdov[1](9)      3.18574 -0.000266476
log_fdov[1](10)      1.62815  -0.00035526
log_fdov[1](11)      1.64424 -0.000203274
log_fdov[1](12)      0.65531 -4.66432e-05
log_fdov[1](13)      0.73131  0.000440057
log_fdov[1](14)    -0.946286  0.000497215
log_fdov[1](15)     0.724304  0.000103981
log_fdov[1](16)      1.05715 -0.000272816
log_fdov[1](17)     -2.21678  0.000775168
log_fdov[1](18)    -0.484108  0.000336109
log_fdov[1](19)     -2.34117  4.45472e-05
log_fdov[1](20)    0.0888315  0.000440155
log_fdov[1](21)     -2.16801  7.80411e-05
log_fdov[1](22)     -2.35018  -0.00047319
log_fdov[1](23)     -1.60971  4.40876e-05
log_fdov[1](24)    -0.848599 -0.000374975
log_fdov[1](25)      -2.6672  -0.00048125
log_fdov[1](26)    -0.305749  -0.00015135
log_fdov[1](27)    0.0349192  0.000349082
log_fdov[1](28)     0.375077  0.000192868
log_fdov[1](29)     0.237817 -0.000130236
log_fdov[1](30)      2.43098 -0.000680475
log_fdov[1](31)     0.613866 -0.000505802
log_fdov[1](32)     0.997586  0.000252307
log_fdov[1](33)      1.63454 -0.000303046
log_fdov[1](34)     0.861373 -0.000566692
log_fdov[1](35)     0.225312 -0.000275225
log_fdov[1](36)    0.0413398 -0.000372021
log_fdov[1](37)     -1.09507  9.20037e-05
log_fdov[1](38)    -0.190992  0.000484084
log_fdov[1](39)     -3.58159  0.000335551
log_fdov[1](40)     -4.44013  0.000360821
log_fdov[1](41)     -5.16035 -0.000437182
log_fdov[1](42)      1.14852  0.000599204
rec_dev_est(1982)     0.587935 -0.000329095
rec_dev_est(1983)     0.565112  0.000244838
rec_dev_est(1984)      1.33765 -0.000332797
rec_dev_est(1985)      1.42197  0.000288083
rec_dev_est(1986)     0.360892 -0.000528956
rec_dev_est(1987)     0.334019 -9.70063e-05
rec_dev_est(1988)    -0.308767  0.000577104
rec_dev_est(1989)    -0.469138  -0.00062543
rec_dev_est(1990)      1.04557 -0.000525983
rec_dev_est(1991)      1.37582 -0.000468727
rec_dev_est(1992)    -0.689812  0.000924112
rec_dev_est(1993)    -0.595507 -7.87015e-05
rec_dev_est(1994)    -0.537012 -0.000565485
rec_dev_est(1995)     -1.05917 -0.000215109
rec_dev_est(1996)     -1.37914 -0.000254241
rec_dev_est(1997)     -1.28017  -0.00129092
rec_dev_est(1998)     -0.50773  0.000190774
rec_dev_est(1999)    -0.541745  3.51254e-05
rec_dev_est(2000)      -1.2417  -0.00135595
rec_dev_est(2001)     0.188095 -9.26118e-06
rec_dev_est(2002)      1.01794  0.000295635
rec_dev_est(2003)    -0.109632 -0.000206526
rec_dev_est(2004)     0.272564 -0.000224601
rec_dev_est(2005)    -0.952911  0.000763052
rec_dev_est(2006)     -1.54696   0.00134713
rec_dev_est(2007)    0.0058568  4.15645e-05
rec_dev_est(2008)     0.976354  0.000214353
rec_dev_est(2009)    -0.564511  0.000428334
rec_dev_est(2010)    -0.705226 -0.000728851
rec_dev_est(2011)    -0.687474   0.00159932
rec_dev_est(2012)    -0.857312  -0.00163475
rec_dev_est(2013)    -0.773403  0.000732229
rec_dev_est(2014)      1.30996 -0.000141269
rec_dev_est(2015)      1.37416  -0.00023307
rec_dev_est(2016)      1.66671  0.000119678
rec_dev_est(2017)    -0.716866  2.99314e-05
rec_dev_est(2018)     -1.62566  0.000132604
rec_dev_est(2019)     -1.19879 -0.000147106
rec_dev_est(2020)     0.143664  7.34964e-06
rec_dev_est(2021)     0.484361 -0.000313417
rec_dev_est(2022)      1.52158 -0.000256264
rec_dev_est(2023)    -0.285618   0.00105474
rec_dev_est(2024)    -0.780274   0.00199525
rec_dev_est(2025)    -0.253256  -0.00016229
logit_rec_prop_est(1982)      1.00769 -0.000403215
logit_rec_prop_est(1983)      1.06876 -2.19261e-05
logit_rec_prop_est(1984)     0.172218 -9.53737e-05
logit_rec_prop_est(1985)    0.0931017  2.32347e-06
logit_rec_prop_est(1986)     -2.22842  5.25426e-05
logit_rec_prop_est(1987)  -0.00788317 -2.78058e-05
logit_rec_prop_est(1988)   -0.0975203 -2.12114e-05
logit_rec_prop_est(1989)   -0.0600264  0.000141478
logit_rec_prop_est(1990)     0.974462  5.27989e-05
logit_rec_prop_est(1991)     0.118594 -9.44314e-06
logit_rec_prop_est(1992)    -0.794446 -7.94114e-05
logit_rec_prop_est(1993)    -0.462444   -9.785e-05
logit_rec_prop_est(1994)     -1.25716 -3.97715e-05
logit_rec_prop_est(1995)    -0.671571  0.000121857
logit_rec_prop_est(1996)      1.86476  0.000203126
logit_rec_prop_est(1997)      1.23794 -2.03884e-05
logit_rec_prop_est(1998)     0.159223  9.15315e-05
logit_rec_prop_est(1999)    -0.887023 -0.000126129
logit_rec_prop_est(2000)      -1.7481  9.75952e-05
logit_rec_prop_est(2001)      0.66369 -3.29118e-06
logit_rec_prop_est(2002)      -1.1505  0.000142588
logit_rec_prop_est(2003)     0.616121  0.000262143
logit_rec_prop_est(2004)       0.9088  8.77404e-05
logit_rec_prop_est(2005)     0.154584 -0.000502412
logit_rec_prop_est(2006)      1.02394 -3.53635e-05
logit_rec_prop_est(2007)   -0.0946719  0.000146154
logit_rec_prop_est(2008)    -0.996386 -0.000184045
logit_rec_prop_est(2009)     -1.44605 -7.35053e-05
logit_rec_prop_est(2010)    -0.437475  6.04957e-05
logit_rec_prop_est(2011)     -1.15978 -5.39335e-05
logit_rec_prop_est(2012)      1.56956  0.000546148
logit_rec_prop_est(2013)      0.44313  0.000152302
logit_rec_prop_est(2014)      1.26007 -0.000312052
logit_rec_prop_est(2015)    -0.681772 -0.000210861
logit_rec_prop_est(2016)     -3.03701  2.03257e-05
logit_rec_prop_est(2017)     -1.77314  1.80999e-05
logit_rec_prop_est(2018)      2.42678  0.000117025
logit_rec_prop_est(2019)     -2.07703  2.59556e-05
logit_rec_prop_est(2020)     0.800889  -5.5856e-05
logit_rec_prop_est(2021)     0.691882  1.08138e-06
logit_rec_prop_est(2022)    -0.195174  2.30794e-05
logit_rec_prop_est(2023)      1.80089 -0.000111253
logit_rec_prop_est(2024)      1.95026  0.000241316
logit_rec_prop_est(2025)     0.256243 -9.36777e-05
