ParName   Value   Gradient
T_pars_est[2]      14.4333  -0.00232263
T_pars_est[3]      13.9541  -0.00521434
T_pars_est[11]   -0.0826494  2.82544e-07
T_pars_est[12]   -0.0826494  5.66981e-07
T_pars_est[13]    -0.121453  5.83685e-06
T_pars_est[14]    -0.556232 -2.41876e-06
T_pars_est[15]    -0.427222 -3.26431e-06
T_pars_est[16]    -0.259813  5.74902e-06
T_pars_est[17]    -0.185847 -3.51994e-06
T_pars_est[18]    -0.186576 -5.13154e-06
T_pars_est[19]    -0.115334  -2.5935e-06
T_pars_est[20]   -0.0840722 -3.61949e-06
T_pars_est[21]    0.0100754 -2.80962e-06
T_pars_est[22]   -0.0701042 -1.08234e-05
T_pars_est[23]    -0.147249 -8.91685e-06
T_pars_est[24]     -0.26076 -2.75009e-05
T_pars_est[25]    -0.294027 -5.57096e-05
T_pars_est[26]     0.722954 -0.000194006
T_pars_est[27]     0.144744 -0.000232851
T_pars_est[28]    -0.466105 -0.000133673
T_pars_est[29]     -1.03683 -6.99784e-05
T_pars_est[30]     -1.40547 -3.11731e-05
T_pars_est[31]     -1.68748 -1.73239e-05
T_pars_est[32]     -0.68189 -5.28973e-05
T_pars_est[33]    -0.392917 -9.90694e-06
T_pars_est[34]     0.732424 -0.000105642
T_pars_est[35]     -0.35409 -5.74358e-05
T_pars_est[36]     0.515465 -8.92331e-05
T_pars_est[37]   -0.0880236 -5.97508e-05
T_pars_est[38]     0.556938 -0.000101957
T_pars_est[39]     0.400866 -8.03997e-05
T_pars_est[40]     0.298771  -7.2707e-05
T_pars_est[41]     0.837266 -0.000120238
T_pars_est[42]     0.479006 -9.86296e-05
T_pars_est[43]    -0.125088 -4.40686e-05
T_pars_est[44]    0.0783333 -6.50751e-05
T_pars_est[45]     0.745132 -0.000114043
T_pars_est[46]  -0.00626838 -6.45589e-05
T_pars_est[47]    -0.465116  -4.4663e-05
T_pars_est[48]    -0.410198 -2.19794e-05
T_pars_est[49]    -0.235978 -7.85823e-06
T_pars_est[50]      -0.1614  3.85376e-06
T_pars_est[51]    -0.139549  -3.3478e-06
T_pars_est[52]    -0.128525  3.68817e-06
T_pars_est[53]    -0.113343 -7.12491e-07
T_pars_est[54]   -0.0851036 -5.46784e-06
T_pars_est[55]    -0.082643  3.35055e-07
T_pars_est[56]    -0.082779  3.85957e-06
T_pars_est[57]   -0.0823741  1.15191e-06
T_pars_est[58]   -0.0955855 -4.94583e-06
T_pars_est[59]      0.86031 -1.84366e-05
T_pars_est[60]      1.13974 -2.15992e-05
T_pars_est[61]      1.21487 -6.41315e-05
T_pars_est[62]     0.623497 -8.35286e-05
T_pars_est[63]    0.0565761 -0.000110713
T_pars_est[64]    -0.311952 -7.87193e-05
T_pars_est[65]    -0.323148 -5.84573e-05
T_pars_est[66]    -0.163564 -3.90995e-05
T_pars_est[67]   -0.0932961 -7.26148e-06
T_pars_est[68]   -0.0809467  2.55591e-06
T_pars_est[69]   -0.0825056 -7.35763e-07
T_pars_est[70]   -0.0825938 -1.30462e-06
T_pars_est[71]   -0.0826124  3.21674e-07
T_pars_est[72]   -0.0826232 -2.41122e-07
T_pars_est[73]   -0.0826348 -7.23611e-07
T_pars_est[74]   -0.0826442 -4.92962e-07
T_pars_est[75]   -0.0826477 -1.50132e-06
T_pars_est[76]   -0.0826489  1.19079e-06
T_pars_est[77]    -0.303604 -4.29126e-06
T_pars_est[78]    -0.791487 -2.75431e-06
T_pars_est[79]    -0.556924 -2.05831e-05
T_pars_est[80]     -1.36354 -2.33272e-06
T_pars_est[81]    -0.730626 -1.08999e-05
T_pars_est[82]     0.740841 -4.76388e-05
T_pars_est[83]     0.388994 -3.63395e-05
T_pars_est[84]   -0.0823383  -4.8647e-06
T_pars_est[85]   -0.0825015  2.63339e-06
T_pars_est[86]   -0.0826081  7.63665e-07
T_pars_est[87]   -0.0826359 -1.05395e-06
T_pars_est[88]   -0.0826415  3.88037e-09
T_pars_est[89]   -0.0826481  8.94565e-07
T_pars_est[90]   -0.0826493 -1.80793e-08
T_pars_est[91]   -0.0826495 -8.65014e-06
T_pars_est[92]   -0.0826495 -5.44778e-06
T_pars_est[93]   -0.0826494  3.88293e-07
G_pars_est[1]    0.0372656 -0.000416896
G_pars_est[2]    -0.254508   0.00109381
G_pars_est[4]     -4.74121 -8.46139e-06
G_pars_est[5]     -0.42393  5.43034e-05
S_pars_est[5]     -3.37103 -1.17312e-07
S_pars_est[6]     -2.83084 -2.44062e-06
S_pars_est[7]     -2.52438  4.66415e-06
S_pars_est[8]     -1.69418 -1.53151e-07
S_pars_est[9]     -1.72419 -7.81525e-07
S_pars_est[10]     -1.56433  2.88473e-06
S_pars_est[11]     -1.25858  1.45267e-06
S_pars_est[12]     -1.18519 -4.45409e-06
S_pars_est[13]      -1.2606 -4.57129e-06
S_pars_est[14]     -1.15442 -3.59138e-06
S_pars_est[15]     -1.05224 -1.49854e-07
S_pars_est[16]    -0.977597 -2.99386e-06
S_pars_est[17]    -0.941578 -3.72732e-06
S_pars_est[18]    -0.828402 -4.62845e-07
S_pars_est[19]    -0.803142 -1.73034e-06
S_pars_est[20]     -1.10731 -2.62954e-06
S_pars_est[21]    -0.882732 -3.64488e-07
S_pars_est[22]    -0.644599 -3.03446e-07
S_pars_est[23]    -0.455082  2.13649e-06
S_pars_est[24]    -0.294671 -1.27971e-06
S_pars_est[25]    -0.189753  4.13823e-07
S_pars_est[26]    -0.300984 -1.64963e-06
S_pars_est[27]     -3.96961  9.83797e-06
S_pars_est[28]     -3.35169 -6.75605e-06
S_pars_est[29]     -2.55739  3.48166e-06
S_pars_est[30]     -1.85623  5.06117e-06
S_pars_est[31]     -1.63456 -4.74991e-06
S_pars_est[32]     -1.42053  8.00002e-07
S_pars_est[33]     -1.20274 -3.22156e-06
S_pars_est[34]     -1.08695  -1.0266e-06
S_pars_est[35]     -1.14042  3.45053e-06
S_pars_est[36]     -1.12739  -2.4647e-06
S_pars_est[37]     -1.06389  -1.0634e-05
S_pars_est[38]    -0.980391 -1.15498e-05
S_pars_est[39]    -0.923597  -1.1186e-05
S_pars_est[40]    -0.798522  7.79811e-07
S_pars_est[41]    -0.643572  -2.9549e-08
S_pars_est[42]     -0.39162  1.19904e-06
S_pars_est[43]    -0.270134 -3.01421e-07
S_pars_est[44]     -0.18893 -5.99826e-07
S_pars_est[45]    -0.154031 -6.70075e-08
S_pars_est[46]    -0.112187 -4.48923e-06
S_pars_est[47]   -0.0683453 -7.11253e-06
S_pars_est[48]   -0.0532126  4.51887e-06
S_pars_est[51]     -4.86729 -2.74905e-06
S_pars_est[52]     -3.97633   4.4256e-07
S_pars_est[53]     -3.60804 -2.86085e-06
S_pars_est[54]     -1.90839  1.55548e-06
S_pars_est[55]      -1.1667 -4.52864e-06
S_pars_est[56]     -0.49728 -5.92418e-06
S_pars_est[57]    -0.512344 -5.09097e-06
S_pars_est[58]    -0.768979 -1.37508e-06
S_pars_est[59]    -0.857299 -4.29397e-06
S_pars_est[60]     -1.02972  1.49075e-06
S_pars_est[61]    -0.973722  4.42748e-06
S_pars_est[62]    -0.870671  2.01708e-06
S_pars_est[63]    -0.824066  9.03541e-07
S_pars_est[64]    -0.778211 -5.24747e-06
S_pars_est[65]    -0.710985  5.60556e-07
S_pars_est[66]    -0.623614 -2.25344e-06
S_pars_est[67]    -0.524385 -2.06535e-06
S_pars_est[68]    -0.420081 -2.55625e-06
S_pars_est[69]    -0.311422  -4.0924e-07
S_pars_est[70]    -0.197298 -4.25669e-06
S_pars_est[71]    -0.080601  2.52055e-06
S_pars_est[73]     -4.67989  -1.6281e-05
S_pars_est[74]      -3.9305  4.19831e-05
S_pars_est[75]     -3.39786  2.93967e-05
S_pars_est[76]     -1.29254 -3.17055e-05
S_pars_est[77]    -0.621064 -9.33873e-06
S_pars_est[78]    -0.193352  4.61369e-06
S_pars_est[79]    -0.246635  8.95076e-06
S_pars_est[80]    -0.871866  6.90716e-06
S_pars_est[81]     -1.02737 -2.19161e-06
S_pars_est[82]     -1.24802 -9.58101e-07
S_pars_est[83]     -1.38592 -9.47932e-07
S_pars_est[84]     -1.02831  3.61836e-06
S_pars_est[85]    -0.832093 -3.27864e-06
S_pars_est[86]    -0.778169  -2.2669e-06
S_pars_est[87]    -0.710953  1.95047e-06
S_pars_est[88]    -0.623603  1.43589e-06
S_pars_est[89]    -0.524379   6.0311e-07
S_pars_est[90]    -0.420078 -1.66485e-06
S_pars_est[91]    -0.311421  1.60729e-07
S_pars_est[92]    -0.197297 -8.93974e-07
S_pars_est[93]   -0.0806009 -2.08705e-07
log_fbar[1]     0.165947 -0.000783459
log_fbar[2]     -4.61201  -0.00045454
log_fdev[1](1)     -1.83815 -0.000186234
log_fdev[1](2)     -1.96288 -0.000220869
log_fdev[1](3)     -1.22542 -0.000150695
log_fdev[1](4)    -0.830943 -0.000123812
log_fdev[1](5)    -0.696629 -0.000102318
log_fdev[1](6)    -0.376309 -8.95207e-05
log_fdev[1](7)    -0.330754 -5.00257e-05
log_fdev[1](8)    -0.369217 -5.69588e-06
log_fdev[1](9)     0.635793  3.28412e-07
log_fdev[1](10)     0.246947 -1.20911e-05
log_fdev[1](11)     0.700684  6.18705e-06
log_fdev[1](12)     0.890417  2.28325e-05
log_fdev[1](13)     0.289259  2.02496e-05
log_fdev[1](14)       0.5964  1.78901e-05
log_fdev[1](15)     0.580668    1.697e-05
log_fdev[1](16)     0.356385  2.85278e-05
log_fdev[1](17)      1.19011  8.64559e-05
log_fdev[1](18)    -0.304061  3.95851e-07
log_fdev[1](19)    -0.389146  -7.6331e-05
log_fdev[1](20)     0.198743 -5.61346e-05
log_fdev[1](21)     0.324615  2.29289e-05
log_fdev[1](22)    -0.283049  5.46344e-05
log_fdev[1](23)    -0.437492  8.16972e-05
log_fdev[1](24)    -0.733652  8.70219e-05
log_fdev[1](25)    -0.214343   5.5029e-05
log_fdev[1](26)     0.146018  8.66761e-06
log_fdev[1](27)    -0.120088  -4.1731e-05
log_fdev[1](28)    -0.612829 -1.99849e-05
log_fdev[1](29)    -0.590146 -1.53934e-05
log_fdev[1](30)    -0.140529 -2.50697e-05
log_fdev[1](31)     0.258753 -6.43731e-05
log_fdev[1](32)     0.628532  2.77789e-06
log_fdev[1](33)      1.05516  6.67563e-06
log_fdev[1](34)      1.02391  2.15198e-05
log_fdev[1](35)     0.596502  8.91888e-07
log_fdev[1](36)     0.602152 -0.000113549
log_fdev[1](37)      1.09605 -4.68166e-05
log_fdev[1](38)     0.739983 -2.38164e-05
log_fdev[1](39)      1.24642 -1.17705e-05
log_fdev[1](40)      -0.5656 -0.000138196
log_fdev[1](41)    -0.872645 -9.62867e-05
log_fdev[1](42)    -0.509621  -2.6485e-05
log_fdev[2](1)    -0.246689 -6.16936e-06
log_fdev[2](2)    -0.131862 -1.46089e-05
log_fdev[2](3)    -0.216646 -2.51338e-06
log_fdev[2](4)    -0.368575 -1.64626e-06
log_fdev[2](5)       -9.315 -2.10663e-06
log_fdev[2](6)     -5.21565 -3.07603e-06
log_fdev[2](7)     -5.64531  4.63546e-06
log_fdev[2](8)     -1.84523  2.28124e-06
log_fdev[2](9)    -0.542861 -1.86634e-05
log_fdev[2](10)      2.03793  -1.5734e-05
log_fdev[2](11)      1.59211 -1.04937e-05
log_fdev[2](12)       1.4999 -1.36208e-05
log_fdev[2](13)      1.14595 -8.42611e-06
log_fdev[2](14)      1.66046 -8.58309e-07
log_fdev[2](15)       1.4323 -3.08201e-06
log_fdev[2](16)      0.61319 -1.56147e-05
log_fdev[2](17)     0.908798 -2.15397e-05
log_fdev[2](18)     0.294404 -1.85336e-05
log_fdev[2](19)     0.505629 -2.05258e-05
log_fdev[2](20)     0.511868 -1.82333e-05
log_fdev[2](21)     0.136329  -7.6101e-06
log_fdev[2](22)     0.160534 -1.32267e-06
log_fdev[2](23)     0.192154 -4.16626e-06
log_fdev[2](24)   -0.0233583 -1.86103e-05
log_fdev[2](25)     0.654088 -2.56613e-05
log_fdev[2](26)     0.440174 -2.95184e-05
log_fdev[2](27)    -0.186671 -4.41908e-05
log_fdev[2](28)     0.264217 -3.40929e-05
log_fdev[2](29)    -0.836015 -3.01549e-05
log_fdev[2](30)    -0.716312 -3.39041e-05
log_fdev[2](31)    -0.175248 -3.19759e-05
log_fdev[2](32)      0.20913 -3.27815e-05
log_fdev[2](33)      1.76422 -1.99995e-05
log_fdev[2](34)      3.00836 -2.39259e-05
log_fdev[2](35)     -0.61043 -3.39945e-05
log_fdev[2](36)     0.270394 -3.82874e-05
log_fdev[2](37)      1.61557 -7.05126e-06
log_fdev[2](38)      0.72203  2.14759e-07
log_fdev[2](39)      1.20433 -1.30372e-06
log_fdev[2](40)     0.847429 -4.38093e-06
log_fdev[2](41)   -0.0734251  2.00721e-06
log_fdev[2](42)     0.585527  1.15334e-08
log_fdev[2](43)     0.446519 -8.86471e-06
log_fdev[2](44)      1.42572 -9.83565e-06
log_foff[1]     -7.32199 -1.09102e-05
log_fdov[1](1)      2.54314 -6.17937e-05
log_fdov[1](2)      2.27546 -6.85848e-05
log_fdov[1](3)       1.6735 -6.03381e-05
log_fdov[1](4)      1.22477  -4.9624e-05
log_fdov[1](5)      1.68423 -3.82472e-05
log_fdov[1](6)      1.22704 -2.04492e-05
log_fdov[1](7)     0.720687 -4.89186e-06
log_fdov[1](8)      0.75272 -4.75533e-06
log_fdov[1](9)      3.16544 -1.81587e-05
log_fdov[1](10)      1.61076 -1.68131e-05
log_fdov[1](11)         1.63  3.88132e-06
log_fdov[1](12)     0.646512    1.288e-05
log_fdov[1](13)      0.73327  3.04658e-05
log_fdov[1](14)    -0.940099   2.0064e-05
log_fdov[1](15)     0.729528  1.87587e-05
log_fdov[1](16)      1.06264  3.08395e-05
log_fdov[1](17)     -2.21099  2.38732e-05
log_fdov[1](18)    -0.478712  2.20518e-05
log_fdov[1](19)     -2.33616  7.73676e-06
log_fdov[1](20)    0.0931765  1.98948e-05
log_fdov[1](21)     -2.16608 -8.59177e-06
log_fdov[1](22)     -2.35168  5.01728e-07
log_fdov[1](23)     -1.61481  3.38187e-05
log_fdov[1](24)    -0.862629  9.59912e-05
log_fdov[1](25)     -2.67351  8.20672e-05
log_fdov[1](26)    -0.303654  4.33398e-05
log_fdov[1](27)    0.0383223   5.2381e-05
log_fdov[1](28)      0.37857  5.44286e-05
log_fdov[1](29)     0.242009   5.5133e-05
log_fdov[1](30)      2.43658  1.76371e-05
log_fdov[1](31)       0.6191 -8.95737e-06
log_fdov[1](32)      1.00171  1.09077e-05
log_fdov[1](33)      1.63816  3.56976e-06
log_fdov[1](34)     0.864319  1.30219e-05
log_fdov[1](35)     0.227169  2.03576e-05
log_fdov[1](36)    0.0396963  9.51469e-06
log_fdov[1](37)     -1.09032 -9.22199e-05
log_fdov[1](38)    -0.128795 -8.03036e-05
log_fdov[1](39)     -3.54565 -8.11979e-05
log_fdov[1](40)     -4.43959 -6.84853e-05
log_fdov[1](41)     -5.19981  -3.2626e-05
log_fdov[1](42)      1.08398 -1.61059e-05
rec_dev_est(1982)     0.559005 -9.31797e-05
rec_dev_est(1983)     0.563503  -3.6287e-05
rec_dev_est(1984)      1.35019 -7.63662e-05
rec_dev_est(1985)      1.42893 -8.65195e-05
rec_dev_est(1986)     0.416186  2.24565e-05
rec_dev_est(1987)     0.328253 -2.06658e-07
rec_dev_est(1988)    -0.307099  -2.2811e-06
rec_dev_est(1989)    -0.475696 -8.66938e-06
rec_dev_est(1990)       1.0423 -0.000146779
rec_dev_est(1991)      1.36716 -0.000260693
rec_dev_est(1992)    -0.678082 -9.49513e-06
rec_dev_est(1993)    -0.594632 -8.39726e-05
rec_dev_est(1994)    -0.535885  -3.2379e-05
rec_dev_est(1995)     -1.05894 -4.43739e-06
rec_dev_est(1996)     -1.37957  5.68349e-05
rec_dev_est(1997)     -1.28078  9.26081e-05
rec_dev_est(1998)    -0.512015  -8.4419e-05
rec_dev_est(1999)    -0.542802 -7.49162e-05
rec_dev_est(2000)     -1.24164 -2.46371e-05
rec_dev_est(2001)     0.192735 -0.000427268
rec_dev_est(2002)      1.01516 -1.29969e-06
rec_dev_est(2003)    -0.111389 -0.000210702
rec_dev_est(2004)     0.274407 -0.000491099
rec_dev_est(2005)    -0.950807 -9.59252e-05
rec_dev_est(2006)     -1.54542 -5.58389e-05
rec_dev_est(2007)   0.00671743   -0.0001269
rec_dev_est(2008)     0.974002 -0.000216653
rec_dev_est(2009)    -0.567695 -4.99614e-05
rec_dev_est(2010)    -0.705816 -0.000146416
rec_dev_est(2011)    -0.686123 -8.41948e-05
rec_dev_est(2012)    -0.852358 -2.36039e-05
rec_dev_est(2013)    -0.770942   0.00011539
rec_dev_est(2014)      1.32527  -0.00011109
rec_dev_est(2015)      1.37583 -0.000175178
rec_dev_est(2016)      1.66452 -7.90869e-05
rec_dev_est(2017)    -0.718908 -4.51733e-06
rec_dev_est(2018)     -1.62917 -4.08013e-05
rec_dev_est(2019)     -1.20647 -2.45004e-05
rec_dev_est(2020)     0.118157 -2.63964e-05
rec_dev_est(2021)     0.492231  -1.9644e-05
rec_dev_est(2022)      1.51325  2.47659e-06
rec_dev_est(2023)    -0.292496 -7.02353e-06
rec_dev_est(2024)    -0.785593 -2.64311e-07
rec_dev_est(2025)    -0.254744  3.66541e-06
logit_rec_prop_est(1982)       1.0352   0.00085637
logit_rec_prop_est(1983)      1.13919  0.000302189
logit_rec_prop_est(1984)     0.143567  5.07288e-05
logit_rec_prop_est(1985)     0.082775 -4.89328e-05
logit_rec_prop_est(1986)     -2.28378  0.000274571
logit_rec_prop_est(1987)   0.00640438  0.000179387
logit_rec_prop_est(1988)   -0.0985556    0.0002054
logit_rec_prop_est(1989)   -0.0343389  0.000168354
logit_rec_prop_est(1990)     0.996502 -0.000332692
logit_rec_prop_est(1991)     0.142454  -0.00119443
logit_rec_prop_est(1992)    -0.823981  1.24366e-05
logit_rec_prop_est(1993)    -0.462696 -0.000197688
logit_rec_prop_est(1994)      -1.2544 -0.000145526
logit_rec_prop_est(1995)    -0.666048  0.000237246
logit_rec_prop_est(1996)      1.86327  0.000446901
logit_rec_prop_est(1997)      1.23395  0.000354016
logit_rec_prop_est(1998)      0.14842 -4.21005e-06
logit_rec_prop_est(1999)    -0.886325 -0.000256326
logit_rec_prop_est(2000)     -1.72983  4.86606e-05
logit_rec_prop_est(2001)     0.673492 -0.000397601
logit_rec_prop_est(2002)     -1.14883  -0.00325349
logit_rec_prop_est(2003)     0.624427 -0.000318504
logit_rec_prop_est(2004)     0.915148 -0.000568724
logit_rec_prop_est(2005)     0.147111 -0.000167602
logit_rec_prop_est(2006)      1.03023  0.000168738
logit_rec_prop_est(2007)    -0.091197 -0.000320159
logit_rec_prop_est(2008)    -0.991099  -0.00106497
logit_rec_prop_est(2009)     -1.43981  1.34115e-05
logit_rec_prop_est(2010)    -0.437282 -0.000263176
logit_rec_prop_est(2011)     -1.16424  0.000108972
logit_rec_prop_est(2012)      1.57521  9.40732e-05
logit_rec_prop_est(2013)     0.440777   0.00066122
logit_rec_prop_est(2014)      1.27768   0.00104084
logit_rec_prop_est(2015)    -0.678392  0.000126799
logit_rec_prop_est(2016)     -3.04951  0.000273121
logit_rec_prop_est(2017)     -1.76505  0.000313694
logit_rec_prop_est(2018)      2.43209  0.000265457
logit_rec_prop_est(2019)     -2.15866  0.000259279
logit_rec_prop_est(2020)     0.764522  0.000452138
logit_rec_prop_est(2021)     0.706018  0.000421276
logit_rec_prop_est(2022)    -0.209255  0.000279073
logit_rec_prop_est(2023)      1.79573  0.000304301
logit_rec_prop_est(2024)      1.94366  0.000295046
logit_rec_prop_est(2025)     0.255438  0.000319833
