ParName   Value   Gradient
theta[3]      13.7334   0.00784435
theta[11]      8.62287 -5.20181e-06
theta[12]      8.63858 -3.11108e-05
theta[13]      8.68743  3.09037e-05
theta[14]      8.85825 -2.81969e-06
theta[15]      9.30181  1.61685e-06
theta[16]      9.91015  1.54613e-05
theta[17]      10.5424  1.79185e-05
theta[18]      10.9635  1.48736e-05
theta[19]      10.9975  2.28721e-05
theta[20]      11.1069  9.71289e-06
theta[21]      11.1005  3.16596e-05
theta[22]      10.7014  5.68419e-05
theta[23]      10.3104 -2.00632e-05
theta[24]      10.1917 -2.83192e-05
theta[25]       10.577 -2.37985e-05
theta[26]      10.8906  1.28998e-05
theta[27]       11.801 -2.43861e-05
theta[28]      11.9346 -4.18728e-05
theta[29]      10.4953 -3.80225e-05
theta[30]      8.93586  2.92938e-05
theta[31]      8.02102  2.65196e-05
theta[32]      7.60671 -1.59568e-05
theta[33]      11.7748  1.22241e-05
theta[34]      11.9233  1.08717e-05
theta[35]      12.7498 -2.70994e-05
theta[36]      13.3543 -1.41994e-05
theta[37]      13.6272 -0.000112841
theta[38]      13.0366 -7.15538e-05
theta[39]      12.8817 -0.000100125
theta[40]       12.835 -5.13992e-05
theta[41]      12.5747 -0.000105095
theta[42]      11.9747 -2.62087e-05
theta[43]      11.6119 -3.92152e-05
theta[44]      11.7328 -5.62279e-05
theta[45]      11.8617 -5.48777e-05
theta[46]      11.0813 -6.02387e-05
theta[47]      9.74758 -2.32868e-05
theta[48]      8.52773 -1.38012e-06
theta[49]      7.68055 -2.47649e-05
theta[50]      7.10028  3.80743e-06
theta[51]      6.68826  9.68811e-06
theta[52]      6.41571  3.90437e-05
theta[53]      6.23803  8.80239e-08
theta[54]      6.14908 -1.30622e-05
theta[55]       10.053 -4.08604e-05
theta[56]      10.1094  2.74994e-05
theta[57]      10.3175 -8.28239e-06
theta[58]       11.551 -1.09563e-05
theta[59]      13.2355 -1.26455e-05
theta[60]      14.0661  0.000141807
theta[61]      13.2706  0.000148607
theta[62]       12.244 -5.72096e-05
theta[63]       11.163 -0.000101609
theta[64]       9.9904 -0.000101422
theta[65]      9.24466 -3.93584e-05
theta[66]       8.8027 -0.000109301
theta[67]      8.56804 -9.11723e-05
theta[68]      8.42955 -0.000104547
theta[69]      8.28902 -9.12603e-05
theta[70]      8.12961 -0.000129426
theta[71]      7.96343 -0.000102626
theta[72]      7.81062 -7.57051e-05
theta[73]      7.67041 -7.81452e-05
theta[74]      7.55364 -8.32324e-05
theta[75]      7.45171 -4.43964e-05
theta[76]      7.38753 -8.29698e-05
theta[77]     -14.4736 -1.40494e-05
theta[78]     -14.4314 -2.65936e-05
theta[79]     -14.1678  6.28665e-06
theta[80]     -14.0398 -5.15898e-08
theta[81]     -14.1053  6.47915e-06
theta[82]     -14.3454  1.96804e-05
theta[83]     -14.7285  5.24755e-05
theta[84]     -15.6701  1.87561e-05
theta[85]     -16.4399 -3.71893e-06
theta[86]     -17.1064 -1.85991e-05
theta[87]     -17.5583 -2.36992e-05
theta[88]     -17.8989  1.32152e-05
theta[89]     -18.1654  8.00934e-06
theta[90]     -18.3855 -9.67352e-06
theta[91]     -18.5728  5.89152e-06
theta[92]     -18.7354 -3.03361e-05
theta[93]     -18.8771  2.13324e-05
log_fbar[1]      -1.1522    0.0015466
log_fbar[2]     -5.97131  -0.00025154
log_fdev[1](1)     -1.60211 -0.000215267
log_fdev[1](2)     -1.88988 -0.000222129
log_fdev[1](3)     -1.13137 -0.000239835
log_fdev[1](4)    -0.729685 -0.000182348
log_fdev[1](5)     -0.53716 -0.000196339
log_fdev[1](6)    -0.131698 -1.76485e-05
log_fdev[1](7)  0.000264036   0.00026918
log_fdev[1](8)     0.094017  0.000438947
log_fdev[1](9)     0.937197  0.000361198
log_fdev[1](10)     0.579895  0.000318041
log_fdev[1](11)     0.810101  0.000202468
log_fdev[1](12)     0.826778  -6.9698e-05
log_fdev[1](13)     0.372453 -0.000107757
log_fdev[1](14)     0.222321 -2.50695e-05
log_fdev[1](15)     0.362576   7.0913e-05
log_fdev[1](16)     0.553176  9.53129e-05
log_fdev[1](17)     0.977732  4.90166e-05
log_fdev[1](18)    -0.405418  0.000326443
log_fdev[1](19)    -0.397572  0.000164954
log_fdev[1](20)     0.039543  0.000107231
log_fdev[1](21)    -0.170326  0.000198544
log_fdev[1](22)    -0.803276   0.00029763
log_fdev[1](23)    -0.858116   0.00040037
log_fdev[1](24)    -0.948692  0.000241417
log_fdev[1](25)    -0.475375 -3.62369e-05
log_fdev[1](26)    -0.126009 -3.99016e-05
log_fdev[1](27)    -0.275973  0.000119818
log_fdev[1](28)    -0.485565  0.000226466
log_fdev[1](29)    -0.508457 -1.66423e-05
log_fdev[1](30)     0.154207 -0.000136919
log_fdev[1](31)     0.427746   2.8299e-05
log_fdev[1](32)      0.59055  0.000229519
log_fdev[1](33)      1.04577  0.000196032
log_fdev[1](34)        1.006 -8.30658e-05
log_fdev[1](35)     0.549906 -0.000132654
log_fdev[1](36)     0.570087  6.30715e-05
log_fdev[1](37)      1.01269  0.000183036
log_fdev[1](38)      1.36277   0.00021405
log_fdev[1](39)      1.04884  0.000289975
log_fdev[1](40)     -1.10589  -0.00048568
log_fdev[1](41)    -0.962046 -0.000703779
log_fdev[2](1)   -0.0313035 -9.59632e-06
log_fdev[2](2)   -0.0657471 -1.08871e-05
log_fdev[2](3)    -0.117309  1.31408e-05
log_fdev[2](4)    -0.246182 -5.68008e-06
log_fdev[2](5)     -9.16664 -1.72292e-06
log_fdev[2](6)     -4.97052 -1.80661e-05
log_fdev[2](7)     -5.29372 -1.70463e-05
log_fdev[2](8)      -1.3622 -2.85519e-05
log_fdev[2](9)    -0.163794 -1.13326e-05
log_fdev[2](10)      2.34399  -4.9179e-05
log_fdev[2](11)      1.75278 -1.03572e-05
log_fdev[2](12)      1.49999 -6.79332e-05
log_fdev[2](13)      1.23233 -3.17123e-05
log_fdev[2](14)      1.47421 -2.34052e-06
log_fdev[2](15)      1.36642  2.62874e-05
log_fdev[2](16)     0.781479 -4.33582e-05
log_fdev[2](17)     0.800001  1.02694e-06
log_fdev[2](18)     0.262319  9.76895e-06
log_fdev[2](19)     0.521807  2.48753e-05
log_fdev[2](20)     0.401973 -2.09874e-05
log_fdev[2](21)    -0.224434  1.86738e-05
log_fdev[2](22)    -0.261694  4.15295e-06
log_fdev[2](23)    -0.206249 -2.30599e-05
log_fdev[2](24)    -0.187418  6.07012e-06
log_fdev[2](25)     0.490333  1.62262e-05
log_fdev[2](26)     0.236652 -5.90929e-06
log_fdev[2](27)    -0.316962 -4.18808e-06
log_fdev[2](28)     0.410635  1.20162e-05
log_fdev[2](29)    -0.776671 -4.43569e-06
log_fdev[2](30)    -0.456926  1.80024e-05
log_fdev[2](31)    -0.040161  1.97974e-05
log_fdev[2](32)      0.21943    2.836e-05
log_fdev[2](33)      1.79979  -1.7244e-05
log_fdev[2](34)      3.05052  -1.0557e-05
log_fdev[2](35)    -0.558932 -1.22663e-05
log_fdev[2](36)     0.518633  1.61465e-05
log_fdev[2](37)      1.87159   5.0043e-05
log_fdev[2](38)      1.22535 -2.34204e-05
log_fdev[2](39)      1.02541  -1.7908e-05
log_fdev[2](40)     0.473184 -7.43563e-05
log_fdev[2](41)    -0.219257 -0.000101284
log_fdev[2](42)     0.498788 -9.42665e-05
log_fdev[2](43)     0.408511 -6.92445e-05
log_foff[1]     -6.25618   0.00147739
log_fdov[1](1)      1.88837 -0.000165761
log_fdov[1](2)      2.09125 -0.000116722
log_fdov[1](3)      1.59313 -0.000201962
log_fdov[1](4)      1.43044 -0.000127581
log_fdov[1](5)      2.12119 -8.25733e-05
log_fdov[1](6)      1.09547  0.000160128
log_fdov[1](7)      0.40741  0.000274174
log_fdov[1](8)     0.484828  0.000376089
log_fdov[1](9)       3.2569  0.000321286
log_fdov[1](10)      1.81823  0.000388528
log_fdov[1](11)      1.88032  8.79319e-05
log_fdov[1](12)     0.694053 -5.34477e-05
log_fdov[1](13)      0.64916 -9.15506e-05
log_fdov[1](14)    -0.415442 -8.41107e-05
log_fdov[1](15)      1.14019  2.19582e-05
log_fdov[1](16)      1.09196    9.516e-05
log_fdov[1](17)     -1.75414  7.67809e-05
log_fdov[1](18)    -0.224623  0.000186847
log_fdov[1](19)      -2.3444   0.00018294
log_fdov[1](20)     0.179152  0.000214769
log_fdov[1](21)     -1.59003  0.000174852
log_fdov[1](22)     -1.51662   0.00030415
log_fdov[1](23)    -0.686003  0.000210769
log_fdov[1](24)    -0.465043  0.000121203
log_fdov[1](25)     -2.41281 -5.79617e-05
log_fdov[1](26)   0.00296189 -3.86148e-05
log_fdov[1](27)     0.315642  3.85439e-05
log_fdov[1](28)      0.36757  0.000107624
log_fdov[1](29)     0.237162  2.18775e-05
log_fdov[1](30)      2.02686  -4.9983e-05
log_fdov[1](31)     0.246071 -2.15522e-05
log_fdov[1](32)     0.878412  9.04602e-06
log_fdov[1](33)      1.56459  3.25361e-05
log_fdov[1](34)     0.859459  2.76772e-05
log_fdov[1](35)     0.269148  -2.4542e-05
log_fdov[1](36)     0.234588 -8.51546e-05
log_fdov[1](37)    -0.785285  6.65265e-06
log_fdov[1](38)     -1.42319  9.50957e-05
log_fdov[1](39)     -4.31649   0.00011525
log_fdov[1](40)      -4.9557  1.50477e-05
log_fdov[1](41)     -5.93471  1.32901e-05
rec_dev_est(1982)     0.612887  5.02578e-05
rec_dev_est(1983)     0.209259  0.000134358
rec_dev_est(1984)      1.55648   0.00145431
rec_dev_est(1985)      1.50689  0.000396627
rec_dev_est(1986)    -0.519299  0.000141913
rec_dev_est(1987)    -0.418011  6.35358e-05
rec_dev_est(1988)     0.043281 -1.29915e-05
rec_dev_est(1989)     0.563995  0.000177582
rec_dev_est(1990)      1.60108  0.000520451
rec_dev_est(1991)     0.771234  6.87297e-05
rec_dev_est(1992)    -0.174317  0.000107284
rec_dev_est(1993)     -0.50167  0.000234161
rec_dev_est(1994)     -1.01794  1.26359e-05
rec_dev_est(1995)     -1.15142  0.000182491
rec_dev_est(1996)    0.0264918  8.98218e-05
rec_dev_est(1997)    0.0890499    0.0007855
rec_dev_est(1998)    -0.261048  0.000340018
rec_dev_est(1999)    -0.970311  0.000150344
rec_dev_est(2000)     -1.56151  0.000128749
rec_dev_est(2001)    0.0905087  0.000101663
rec_dev_est(2002)      1.52078  0.000159454
rec_dev_est(2003)     0.197095  8.69319e-05
rec_dev_est(2004)     0.240679  0.000581139
rec_dev_est(2005)     -1.28463 -2.88424e-07
rec_dev_est(2006)     -1.00778  9.27528e-05
rec_dev_est(2007)    -0.246325  0.000163163
rec_dev_est(2008)      1.50818  0.000386587
rec_dev_est(2009)    -0.497389 -4.65314e-05
rec_dev_est(2010)    -0.565726 -3.65483e-05
rec_dev_est(2011)     -1.04948  7.32075e-05
rec_dev_est(2012)    -0.910053 -8.65524e-05
rec_dev_est(2013)    -0.628522  4.92468e-05
rec_dev_est(2014)    -0.058826 -0.000878895
rec_dev_est(2015)      1.14979 -0.000707908
rec_dev_est(2016)    -0.938623 -7.00931e-05
rec_dev_est(2017)     -1.53122  6.88284e-06
rec_dev_est(2018)    -0.695635 -4.17976e-05
rec_dev_est(2019)    -0.551044 -5.15032e-08
rec_dev_est(2020)      0.22004 -0.000106782
rec_dev_est(2021)     0.843462  -8.7087e-06
rec_dev_est(2022)     0.977692 -1.30034e-05
rec_dev_est(2023)   -0.0970317 -3.60516e-05
rec_dev_est(2024)    -0.681087 -1.48192e-05
logit_rec_prop_est(1982)      3.25253   0.00109675
logit_rec_prop_est(1983)      3.74613 -0.000246424
logit_rec_prop_est(1984)    -0.811585  -0.00763542
logit_rec_prop_est(1985)     0.571818 -0.000277855
logit_rec_prop_est(1986)     -2.48611  0.000242825
logit_rec_prop_est(1987)      3.15423  0.000100975
logit_rec_prop_est(1988)      4.91047  0.000152306
logit_rec_prop_est(1989)     -3.37615  7.84257e-05
logit_rec_prop_est(1990)     0.335694  -0.00060373
logit_rec_prop_est(1991)     0.893291  4.93193e-05
logit_rec_prop_est(1992)    -0.322633  0.000604241
logit_rec_prop_est(1993)    0.0823806  -0.00055369
logit_rec_prop_est(1994)     -1.92772 -7.02246e-05
logit_rec_prop_est(1995)     -1.94488 -0.000249802
logit_rec_prop_est(1996)    0.0228989 -0.000391499
logit_rec_prop_est(1997)     0.591146  5.02156e-05
logit_rec_prop_est(1998)      1.09044  0.000183808
logit_rec_prop_est(1999)      2.52549 -1.70897e-05
logit_rec_prop_est(2000)       4.4415  1.41779e-06
logit_rec_prop_est(2001)      6.05314 -1.04366e-06
logit_rec_prop_est(2002)    -0.964839   0.00205547
logit_rec_prop_est(2003)     0.255192  0.000616961
logit_rec_prop_est(2004)      2.43304 -0.000670144
logit_rec_prop_est(2005)      1.35301  0.000279403
logit_rec_prop_est(2006)     -2.32528   0.00029995
logit_rec_prop_est(2007)     0.283243    0.0011211
logit_rec_prop_est(2008)     -1.52654   0.00272006
logit_rec_prop_est(2009)     -1.56562  0.000270828
logit_rec_prop_est(2010)    -0.274966 -3.05891e-06
logit_rec_prop_est(2011)     0.474738   0.00026046
logit_rec_prop_est(2012)     0.284422  0.000439514
logit_rec_prop_est(2013)     0.751513  -0.00027465
logit_rec_prop_est(2014)      1.95928 -0.000860223
logit_rec_prop_est(2015)     -1.94647  -0.00558555
logit_rec_prop_est(2016)     -1.90997 -0.000327641
logit_rec_prop_est(2017)     -4.59696  9.79408e-05
logit_rec_prop_est(2018)      -5.0072  0.000330307
logit_rec_prop_est(2019)      -2.4151  0.000200062
logit_rec_prop_est(2020)      0.57283 -0.000104917
logit_rec_prop_est(2021)     -1.33266  -2.3882e-05
logit_rec_prop_est(2022)    -0.844217  0.000282446
logit_rec_prop_est(2023)     -2.02039  5.91625e-05
logit_rec_prop_est(2024)     -2.43915  2.55944e-05
