ParName   Value   Gradient
theta[3]       14.158  -0.00551041
theta[11]      9.54175  2.23045e-05
theta[12]      9.55241 -9.69983e-06
theta[13]      9.58995  4.40239e-05
theta[14]      9.71524 -1.34632e-05
theta[15]      10.1618  3.59719e-05
theta[16]      10.7215 -4.12336e-05
theta[17]      11.1727  4.79122e-05
theta[18]      11.3863  6.56944e-05
theta[19]      11.4859  2.09306e-05
theta[20]      11.5282 -8.50002e-05
theta[21]      11.4968 -0.000106061
theta[22]      11.2554 -0.000348298
theta[23]      10.9449  0.000150444
theta[24]      10.6848 -0.000336621
theta[25]      10.8174 -0.000347672
theta[26]      11.8747 -0.000466127
theta[27]      11.3812   0.00044536
theta[28]      10.4135  0.000379381
theta[29]      9.35937  0.000132851
theta[30]      8.35785 -4.78597e-05
theta[31]      7.53872 -1.63444e-05
theta[32]      7.14545 -7.26642e-06
theta[33]      12.1801 -1.76066e-05
theta[34]      12.2964 -3.89319e-05
theta[35]      13.1275 -0.000115177
theta[36]      13.6395  -0.00030926
theta[37]      12.9621  -0.00022241
theta[38]      13.0628 -0.000226048
theta[39]      12.7873 -0.000329008
theta[40]      12.5517 -0.000681419
theta[41]      12.5032 -0.000511537
theta[42]      11.9823 -9.52545e-05
theta[43]      11.3156 -0.000222223
theta[44]      11.2008   8.0045e-05
theta[45]      11.3602 -3.38182e-05
theta[46]      10.4616 -7.77971e-05
theta[47]      9.08566 -3.29972e-05
theta[48]      8.02747  2.61952e-05
theta[49]      7.26487  2.61257e-05
theta[50]      6.73268 -2.81597e-05
theta[51]      6.34551  9.76926e-06
theta[52]      6.05793  2.14664e-05
theta[53]      5.85745 -4.33041e-06
theta[54]      5.75301  9.58949e-07
theta[55]      12.1227   4.1503e-06
theta[56]      12.1481  4.42666e-05
theta[57]      12.2043  7.56507e-05
theta[58]      12.3324  2.38073e-05
theta[59]      13.4925 -5.26685e-05
theta[60]      13.5879  2.60106e-05
theta[61]      12.9956 -6.93531e-05
theta[62]      12.1457  0.000102332
theta[63]      11.0117  0.000163524
theta[64]      9.95842  8.63596e-05
theta[65]      9.23904  6.06389e-05
theta[66]      8.81229  1.07248e-05
theta[67]      8.58759  -2.6934e-06
theta[68]      8.52198 -3.34143e-06
theta[69]      8.42738  -9.1257e-06
theta[70]      8.25233 -7.80593e-07
theta[71]      8.02664   2.8065e-05
theta[72]      7.79688 -5.53322e-06
theta[73]      7.57612  3.78713e-05
theta[74]      7.36325  2.96125e-05
theta[75]       7.2128  0.000139421
theta[76]       7.1242  -6.3423e-06
theta[77]      -13.807  1.20053e-05
theta[78]     -13.8675 -1.39332e-07
theta[79]     -13.9801  -2.0687e-05
theta[80]     -14.1505  1.92948e-05
theta[81]      -13.676  1.72026e-05
theta[82]     -13.4792  1.04419e-05
theta[83]     -14.5875 -8.89921e-06
theta[84]     -15.6044  1.59012e-05
theta[85]      -16.413 -3.82201e-07
theta[86]     -17.0421 -7.71432e-06
theta[87]      -17.497 -7.52516e-06
theta[88]       -17.84 -1.34729e-05
theta[89]     -18.1114 -1.70172e-05
theta[90]     -18.3387 -4.07737e-06
theta[91]     -18.5357   8.6473e-06
theta[92]     -18.7094 -1.54197e-05
theta[93]     -18.8635 -5.81769e-08
G_pars_est[1]     0.995719 -0.000713903
G_pars_est[2]    -0.240726   0.00150436
G_pars_est[4]     -4.78302   0.00020977
G_pars_est[5]    -0.425374  -0.00176773
M_pars_est[1]     0.285005  0.000828381
M_pars_est[2]      1.60583  0.000128932
M_pars_est[3]     0.309005  5.77965e-05
M_pars_est[5]    -0.071075  0.000561168
M_pars_est[7]      2.40469  0.000110593
M_pars_est[9]     0.265585 -0.000310035
M_pars_est[10]    0.0249719   3.8011e-05
M_pars_est[11]      1.10216 -0.000100488
M_pars_est[13]     0.676171 -0.000101168
M_pars_est[14]      2.16542 -1.15302e-05
M_pars_est[15]      1.43034 -3.96516e-05
S_pars_est[1]      4.66642    0.0101367
S_pars_est[2]      1.67377  -0.00250628
S_pars_est[3]      4.77941  0.000412909
S_pars_est[4]       2.4061 -0.000159329
S_pars_est[5]     -3.15584 -3.00716e-06
S_pars_est[6]     -2.64307  1.46727e-06
S_pars_est[7]     -2.18695 -3.66741e-06
S_pars_est[8]      -1.4563 -7.66752e-06
S_pars_est[9]     -1.43493 -2.77458e-06
S_pars_est[10]     -1.26376 -5.44052e-06
S_pars_est[11]    -0.975751   2.6354e-05
S_pars_est[12]    -0.966896 -2.66121e-06
S_pars_est[13]     -1.09826  -2.4253e-06
S_pars_est[14]     -1.07742  -1.1402e-05
S_pars_est[15]     -1.01781 -1.92858e-05
S_pars_est[16]     -0.98462 -4.31777e-05
S_pars_est[17]    -0.967945  2.00095e-05
S_pars_est[18]     -0.86355  8.28626e-06
S_pars_est[19]    -0.854769  -2.8509e-05
S_pars_est[20]    -0.985226 -1.57875e-05
S_pars_est[21]    -0.844886  3.77652e-05
S_pars_est[22]    -0.743634   1.2444e-05
S_pars_est[23]    -0.515242 -2.14272e-05
S_pars_est[24]    -0.334314 -1.72096e-06
S_pars_est[25]    -0.243805 -3.38334e-06
S_pars_est[26]    -0.328576 -1.97702e-05
S_pars_est[27]     -4.14009  1.52577e-06
S_pars_est[28]     -3.25095 -5.83718e-06
S_pars_est[29]     -2.57679   3.0951e-05
S_pars_est[30]     -1.83636  2.25997e-05
S_pars_est[31]     -1.60024 -3.62933e-05
S_pars_est[32]     -1.40081  4.31798e-05
S_pars_est[33]     -1.18022 -4.42127e-06
S_pars_est[34]     -1.09869 -3.35297e-05
S_pars_est[35]     -1.16953 -2.75982e-05
S_pars_est[36]     -1.18903 -1.64843e-06
S_pars_est[37]     -1.16928 -1.28386e-05
S_pars_est[38]      -1.1231  3.94944e-05
S_pars_est[39]     -1.09632   1.7423e-05
S_pars_est[40]    -0.961408 -5.61204e-05
S_pars_est[41]    -0.760289  3.87277e-06
S_pars_est[42]    -0.448687 -1.96006e-05
S_pars_est[43]    -0.310919  1.41911e-05
S_pars_est[44]    -0.201633 -3.57452e-06
S_pars_est[45]    -0.161343 -1.72302e-05
S_pars_est[46]    -0.132802 -4.60612e-06
S_pars_est[47]    -0.123199  5.51798e-05
S_pars_est[48]     -0.15698 -2.01159e-05
S_pars_est[49]      4.20776  -0.00112846
S_pars_est[50]     0.996034  0.000129111
S_pars_est[51]     -4.97111  1.16978e-05
S_pars_est[52]     -5.13015  1.22638e-05
S_pars_est[53]      -4.0612   1.2484e-06
S_pars_est[54]     -1.68958  2.25786e-05
S_pars_est[55]     -1.12172 -1.67965e-05
S_pars_est[56]    -0.539439  2.58154e-06
S_pars_est[57]     -0.56101 -6.80085e-06
S_pars_est[58]    -0.770826  1.80851e-05
S_pars_est[59]    -0.842175  1.87586e-05
S_pars_est[60]    -0.929053  3.84351e-06
S_pars_est[61]    -0.914061 -1.13903e-06
S_pars_est[62]    -0.872223  8.88977e-06
S_pars_est[63]    -0.838066 -1.16467e-05
S_pars_est[64]    -0.790726  6.69253e-06
S_pars_est[65]    -0.721236 -1.47328e-06
S_pars_est[66]    -0.631188  1.37685e-06
S_pars_est[67]    -0.529699  -1.0973e-05
S_pars_est[68]    -0.423839  1.79191e-06
S_pars_est[69]    -0.314282 -1.51739e-06
S_pars_est[70]    -0.199728 -3.24461e-06
S_pars_est[71]   -0.0832279 -1.96961e-05
S_pars_est[73]     -4.07626 -1.60588e-05
S_pars_est[74]     -3.53888 -1.79434e-05
S_pars_est[75]     -2.68187  2.22755e-05
S_pars_est[76]    -0.920999  -2.0448e-05
S_pars_est[77]    -0.434928  7.87723e-07
S_pars_est[78]    -0.219501 -1.05172e-05
S_pars_est[79]    -0.379888 -1.17052e-05
S_pars_est[80]    -0.988112 -4.08516e-06
S_pars_est[81]     -1.14162  2.18979e-06
S_pars_est[82]      -1.3967  9.94914e-06
S_pars_est[83]     -1.40465 -6.82187e-06
S_pars_est[84]     -1.01657  3.39688e-06
S_pars_est[85]    -0.833035  4.67001e-06
S_pars_est[86]    -0.778216  5.38703e-06
S_pars_est[87]    -0.710757  5.05699e-07
S_pars_est[88]    -0.623415  1.19506e-05
S_pars_est[89]    -0.524224  1.23725e-05
S_pars_est[90]    -0.419954 -6.51907e-06
S_pars_est[91]    -0.311324  7.11989e-06
S_pars_est[92]    -0.197216 -5.57272e-06
S_pars_est[93]   -0.0805176 -5.68741e-06
S_pars_est[95]      4.59568   -0.0195967
S_pars_est[96]     0.305195  0.000303464
log_fbar[1]    -0.213721  -0.00160629
log_fbar[2]     -5.22522 -0.000682894
log_fdev[1](1)       -1.433  0.000263014
log_fdev[1](2)     -1.80136 -0.000265721
log_fdev[1](3)     -1.16272 -0.000160945
log_fdev[1](4)    -0.806178 -0.000382087
log_fdev[1](5)    -0.658031 -0.000125352
log_fdev[1](6)    -0.247285 -6.87168e-05
log_fdev[1](7)    -0.189079 -0.000289025
log_fdev[1](8)    -0.152847 -0.000443738
log_fdev[1](9)     0.876756  0.000154225
log_fdev[1](10)     0.390987 -0.000180524
log_fdev[1](11)     0.702217 -1.12399e-05
log_fdev[1](12)      0.81605 -1.87561e-06
log_fdev[1](13)     0.504726  0.000153726
log_fdev[1](14)     0.506546   0.00031816
log_fdev[1](15)     0.553386 -3.11729e-05
log_fdev[1](16)     0.468645  9.66668e-05
log_fdev[1](17)      1.04491  6.77054e-05
log_fdev[1](18)    -0.396878 -0.000239246
log_fdev[1](19)    -0.421657 -0.000231782
log_fdev[1](20)     0.169244  0.000139809
log_fdev[1](21)     0.261327 -0.000233407
log_fdev[1](22)    -0.376215 -0.000228309
log_fdev[1](23)    -0.581001 -0.000137235
log_fdev[1](24)    -0.769016 -0.000283996
log_fdev[1](25)    -0.160275 -0.000167482
log_fdev[1](26)     0.184458  0.000182091
log_fdev[1](27)   -0.0862874  1.61396e-05
log_fdev[1](28)    -0.408975 -0.000154205
log_fdev[1](29)    -0.735925 -0.000466364
log_fdev[1](30)   -0.0278769 -0.000384524
log_fdev[1](31)      0.40418 -0.000389164
log_fdev[1](32)     0.622567 -0.000552665
log_fdev[1](33)      1.05289 -0.000634671
log_fdev[1](34)     0.999686  0.000577236
log_fdev[1](35)     0.491143  0.000609489
log_fdev[1](36)     0.226457  0.000112345
log_fdev[1](37)      1.11275  0.000102233
log_fdev[1](38)     0.352717  0.000149839
log_fdev[1](39)     0.881107 -0.000308371
log_fdev[1](40)     -1.06854  3.69954e-06
log_fdev[1](41)     -1.13961  0.000745075
log_fdev[2](1)     0.180959  1.74207e-05
log_fdev[2](2)    0.0844421 -3.92378e-06
log_fdev[2](3)    -0.100066 -1.09977e-05
log_fdev[2](4)    -0.283936 -7.01428e-07
log_fdev[2](5)     -9.22897 -1.31007e-07
log_fdev[2](6)     -5.04843  -1.8813e-05
log_fdev[2](7)     -5.45905 -2.72148e-05
log_fdev[2](8)      -1.5954 -1.14183e-05
log_fdev[2](9)    -0.297523  2.60885e-05
log_fdev[2](10)      2.16351   2.3935e-05
log_fdev[2](11)      1.66699  8.51626e-06
log_fdev[2](12)      1.52267  2.78528e-06
log_fdev[2](13)       1.3555  2.20837e-05
log_fdev[2](14)      1.62226  1.55959e-05
log_fdev[2](15)      1.44771 -1.75406e-05
log_fdev[2](16)     0.724183 -2.28643e-05
log_fdev[2](17)     0.825849 -1.29156e-05
log_fdev[2](18)     0.297899 -1.89952e-05
log_fdev[2](19)     0.542001 -1.85516e-05
log_fdev[2](20)     0.535487  2.69188e-06
log_fdev[2](21)     0.111081 -1.02056e-05
log_fdev[2](22)     0.127025 -4.22542e-05
log_fdev[2](23)     0.100287 -4.82972e-05
log_fdev[2](24)    0.0503374 -4.23787e-05
log_fdev[2](25)     0.795449 -4.31106e-05
log_fdev[2](26)     0.515984 -3.10054e-05
log_fdev[2](27)    -0.131806 -3.86539e-05
log_fdev[2](28)      0.49427 -5.20981e-05
log_fdev[2](29)    -0.946498 -8.00499e-05
log_fdev[2](30)    -0.532186 -8.41832e-05
log_fdev[2](31)   0.00214732 -0.000100163
log_fdev[2](32)     0.234614 -6.30033e-05
log_fdev[2](33)      1.78474 -3.80682e-06
log_fdev[2](34)      2.99756  7.56588e-05
log_fdev[2](35)    -0.705588   5.9817e-05
log_fdev[2](36)    0.0779412 -3.36321e-05
log_fdev[2](37)      1.62459 -4.44972e-05
log_fdev[2](38)     0.452947 -5.26686e-05
log_fdev[2](39)     0.837174 -7.16241e-05
log_fdev[2](40)     0.475537 -3.83924e-05
log_fdev[2](41)    -0.175682 -1.89296e-05
log_fdev[2](42)     0.528408 -1.66603e-05
log_fdev[2](43)      0.32558 -4.53747e-05
log_foff[1]     -6.96101   0.00109288
log_fdov[1](1)      1.51134  6.84868e-05
log_fdov[1](2)      1.78998  5.19321e-05
log_fdov[1](3)      1.40779  5.73933e-05
log_fdov[1](4)      1.27689  7.57481e-05
log_fdov[1](5)      1.99903  0.000101407
log_fdov[1](6)      1.48087  5.76465e-05
log_fdov[1](7)     0.577326 -3.99661e-05
log_fdov[1](8)     0.307553 -3.73582e-05
log_fdov[1](9)      2.64078  9.41212e-05
log_fdov[1](10)      1.19624   5.7376e-05
log_fdov[1](11)      1.40079  2.91589e-05
log_fdov[1](12)     0.609162  2.40447e-05
log_fdov[1](13)     0.684329 -2.29805e-05
log_fdov[1](14)    -0.533662 -5.48012e-05
log_fdov[1](15)     0.979749  2.43801e-06
log_fdov[1](16)      1.04591  2.58186e-05
log_fdov[1](17)     -2.03965 -4.18763e-05
log_fdov[1](18)    -0.385431 -4.30354e-05
log_fdov[1](19)     -2.30278 -1.85951e-05
log_fdov[1](20)     0.128375  1.12444e-05
log_fdov[1](21)      -2.0643 -3.16152e-05
log_fdov[1](22)     -2.18511 -2.13184e-05
log_fdov[1](23)     -1.38516  4.26391e-05
log_fdov[1](24)    -0.800474  1.67163e-05
log_fdov[1](25)      -2.7001  1.65424e-05
log_fdov[1](26)    -0.280612  1.68838e-05
log_fdov[1](27)    0.0807449  4.62925e-06
log_fdov[1](28)     0.249356 -3.62422e-06
log_fdov[1](29)     0.477838  4.23382e-05
log_fdov[1](30)      2.34503  0.000121087
log_fdov[1](31)     0.481094  8.27374e-05
log_fdov[1](32)      1.02844   5.4052e-05
log_fdov[1](33)      1.64527  4.43596e-05
log_fdov[1](34)     0.875133  7.24708e-05
log_fdov[1](35)     0.325336  7.82182e-05
log_fdov[1](36)     0.446419  5.17551e-05
log_fdov[1](37)     -1.01184  0.000133246
log_fdov[1](38)      0.29031  0.000152663
log_fdov[1](39)      -3.0917  9.18348e-05
log_fdov[1](40)     -3.85883  9.05643e-05
log_fdov[1](41)     -4.64145  0.000102482
rec_dev_est(1982)     0.414318 -0.000238116
rec_dev_est(1983)   -0.0198464  -0.00015234
rec_dev_est(1984)     0.934911 -0.000139829
rec_dev_est(1985)      1.66525  -5.9849e-05
rec_dev_est(1986)     0.921278  1.01279e-05
rec_dev_est(1987)     0.436332  1.95585e-05
rec_dev_est(1988)    -0.287933  0.000168922
rec_dev_est(1989)    -0.728365  5.78931e-05
rec_dev_est(1990)     0.342268  2.64361e-05
rec_dev_est(1991)     0.605439 -0.000449679
rec_dev_est(1992)     -0.41251 -2.57635e-05
rec_dev_est(1993)    0.0232931 -0.000286365
rec_dev_est(1994)    -0.351635 -0.000144268
rec_dev_est(1995)    -0.846812 -5.98318e-05
rec_dev_est(1996)     -1.55043 -0.000155997
rec_dev_est(1997)     -1.44196 -0.000343034
rec_dev_est(1998)    -0.633918 -0.000392005
rec_dev_est(1999)    -0.564089 -0.000220662
rec_dev_est(2000)      -1.2469 -0.000127672
rec_dev_est(2001)   0.00190137 -0.000817838
rec_dev_est(2002)      1.04262 -0.000430346
rec_dev_est(2003)     -0.16487 -0.000886074
rec_dev_est(2004)   -0.0546003 -0.000961509
rec_dev_est(2005)    -0.816179 -0.000249761
rec_dev_est(2006)     -1.63293 -0.000253125
rec_dev_est(2007)    -0.351165  2.81589e-05
rec_dev_est(2008)      1.05406   0.00100355
rec_dev_est(2009)    -0.756171  0.000179549
rec_dev_est(2010)    -0.711823  0.000780653
rec_dev_est(2011)      -0.4648  0.000267765
rec_dev_est(2012)    -0.592574 -0.000135237
rec_dev_est(2013)    -0.537903   8.7903e-05
rec_dev_est(2014)      1.33783 -0.000197378
rec_dev_est(2015)      1.40779 -1.04514e-05
rec_dev_est(2016)      1.59683  3.03108e-05
rec_dev_est(2017)     -0.47458  0.000135012
rec_dev_est(2018)    -0.535197  2.97294e-05
rec_dev_est(2019)     -1.03602  0.000207551
rec_dev_est(2020)    -0.252047  0.000223308
rec_dev_est(2021)     0.233987  0.000112239
rec_dev_est(2022)      1.11924  1.51406e-05
rec_dev_est(2023)     0.205786 -3.76811e-05
rec_dev_est(2024)    -0.468046  4.07351e-06
logit_rec_prop_est(1982)      2.70878 -0.000909321
logit_rec_prop_est(1983)      1.29052  0.000121274
logit_rec_prop_est(1984)    -0.101443 -0.000518585
logit_rec_prop_est(1985)     -1.00479 -0.000249166
logit_rec_prop_est(1986)     -3.57997  4.93006e-06
logit_rec_prop_est(1987)    -0.253481  0.000589138
logit_rec_prop_est(1988)    -0.198788  0.000703945
logit_rec_prop_est(1989)     0.738364 -4.77794e-06
logit_rec_prop_est(1990)      1.45191  0.000309141
logit_rec_prop_est(1991)      1.12585  -0.00125618
logit_rec_prop_est(1992)     -2.22615  0.000112469
logit_rec_prop_est(1993)     -1.25879  -0.00142879
logit_rec_prop_est(1994)     -2.00458 -0.000367119
logit_rec_prop_est(1995)     -1.62853 -0.000414475
logit_rec_prop_est(1996)      2.22179 -0.000101395
logit_rec_prop_est(1997)      1.23517 -0.000300696
logit_rec_prop_est(1998)    -0.118496  -0.00181717
logit_rec_prop_est(1999)    -0.286633  -0.00106192
logit_rec_prop_est(2000)     -1.68797  -0.00065136
logit_rec_prop_est(2001)     0.499688  -0.00237196
logit_rec_prop_est(2002)     -1.45049  -0.00459032
logit_rec_prop_est(2003)     0.793846    -0.001799
logit_rec_prop_est(2004)     0.996233  -0.00293779
logit_rec_prop_est(2005)    -0.245859  -0.00124432
logit_rec_prop_est(2006)      1.75489 -0.000974056
logit_rec_prop_est(2007)    -0.541923 -0.000762436
logit_rec_prop_est(2008)     -1.33466   0.00440647
logit_rec_prop_est(2009)     -1.56094  0.000659788
logit_rec_prop_est(2010)    -0.684402   0.00393039
logit_rec_prop_est(2011)     -1.45454  0.000583034
logit_rec_prop_est(2012)      1.69341 -0.000914121
logit_rec_prop_est(2013)      1.13984 -0.000248502
logit_rec_prop_est(2014)      1.43127 -0.000835489
logit_rec_prop_est(2015)    0.0205975  -0.00108908
logit_rec_prop_est(2016)     -2.45139 -3.34016e-05
logit_rec_prop_est(2017)     -1.87477  9.26903e-05
logit_rec_prop_est(2018)     -1.61076  4.69407e-05
logit_rec_prop_est(2019)      3.55936 -0.000293683
logit_rec_prop_est(2020)     0.150842   0.00141445
logit_rec_prop_est(2021)     0.773623 -4.67974e-05
logit_rec_prop_est(2022)     0.449966  0.000188694
logit_rec_prop_est(2023)     0.294138  5.27618e-05
logit_rec_prop_est(2024)      3.22923 -4.56381e-05
