ParName   Value   Gradient
T_pars_est[3]      14.0007  -0.00100326
T_pars_est[11]      9.55023  1.00871e-05
T_pars_est[12]      9.56295 -7.91428e-07
T_pars_est[13]      9.60577 -1.08817e-05
T_pars_est[14]       9.7243  2.13142e-06
T_pars_est[15]      10.2193  5.47224e-06
T_pars_est[16]      10.8045  3.27432e-06
T_pars_est[17]      11.3076 -1.81044e-06
T_pars_est[18]      11.5401  1.88175e-06
T_pars_est[19]      11.6128 -1.46179e-05
T_pars_est[20]      11.6285  1.51857e-05
T_pars_est[21]      11.6058  1.37616e-05
T_pars_est[22]      11.4122 -2.40294e-05
T_pars_est[23]      11.1955 -4.37622e-05
T_pars_est[24]       11.017  9.28194e-05
T_pars_est[25]      11.0759  -0.00012375
T_pars_est[26]      11.8496  6.65761e-06
T_pars_est[27]      11.1143 -1.92738e-05
T_pars_est[28]      9.96142 -7.77139e-05
T_pars_est[29]       8.7228 -2.26651e-05
T_pars_est[30]       7.5821 -2.18975e-07
T_pars_est[31]      6.71448 -1.26189e-06
T_pars_est[32]      6.27694  1.29264e-06
T_pars_est[33]      13.7527 -0.000195404
T_pars_est[34]       13.778 -0.000218806
T_pars_est[35]      13.3168 -0.000156262
T_pars_est[36]      13.3139 -0.000186359
T_pars_est[37]      12.7172 -0.000107154
T_pars_est[38]      12.7027 -0.000101594
T_pars_est[39]      12.3411 -0.000111597
T_pars_est[40]       12.029 -4.18014e-05
T_pars_est[41]      11.8136  -7.9722e-05
T_pars_est[42]      11.1591 -5.38433e-05
T_pars_est[43]      10.5081 -4.12794e-05
T_pars_est[44]      10.3227 -2.68139e-06
T_pars_est[45]      10.2355 -1.44941e-05
T_pars_est[46]      9.23202 -4.07506e-06
T_pars_est[47]      7.91773 -6.55875e-06
T_pars_est[48]      6.89306 -4.12105e-06
T_pars_est[49]      6.16621  6.71403e-06
T_pars_est[50]      5.65673  1.26369e-06
T_pars_est[51]       5.2891 -1.04835e-05
T_pars_est[52]      5.01712  2.71724e-06
T_pars_est[53]      4.82528  -4.0643e-07
T_pars_est[54]      4.72486 -2.03934e-06
T_pars_est[55]      12.2624  2.98707e-06
T_pars_est[56]      12.2666 -4.87909e-06
T_pars_est[57]       12.289 -2.79214e-06
T_pars_est[58]      12.3912  -8.1665e-06
T_pars_est[59]      13.3925 -3.05763e-06
T_pars_est[60]      13.6611   7.0664e-05
T_pars_est[61]       13.172 -2.05565e-05
T_pars_est[62]      12.3372    2.704e-05
T_pars_est[63]      11.2538  4.11684e-05
T_pars_est[64]      10.1048  2.77506e-05
T_pars_est[65]      9.29539  1.98264e-05
T_pars_est[66]      8.78734 -3.75503e-06
T_pars_est[67]      8.47324  -5.9925e-06
T_pars_est[68]      8.36309  1.52865e-05
T_pars_est[69]      8.20066  2.46595e-06
T_pars_est[70]      7.92548 -7.34202e-07
T_pars_est[71]      7.57136 -1.19454e-05
T_pars_est[72]      7.19818  8.38188e-06
T_pars_est[73]      6.82666  1.63609e-05
T_pars_est[74]      6.46911  6.59894e-06
T_pars_est[75]      6.21088  7.95652e-06
T_pars_est[76]         6.08  5.79925e-06
T_pars_est[77]     -13.7967 -5.92701e-06
T_pars_est[78]     -13.8162  1.51743e-06
T_pars_est[79]     -13.8742 -1.87238e-06
T_pars_est[80]     -13.9225 -1.55085e-06
T_pars_est[81]     -13.6697  6.47708e-07
T_pars_est[82]     -13.4062  4.59977e-06
T_pars_est[83]     -14.3274  2.02423e-06
T_pars_est[84]      -15.384  5.07208e-06
T_pars_est[85]     -16.3013  4.90263e-07
T_pars_est[86]     -16.9898 -2.73679e-06
T_pars_est[87]     -17.4728  2.30297e-06
T_pars_est[88]     -17.8149 -3.25134e-06
T_pars_est[89]     -18.0941 -2.80976e-06
T_pars_est[90]     -18.3268 -1.68511e-07
T_pars_est[91]     -18.5278 -1.10094e-06
T_pars_est[92]     -18.7046 -1.19972e-05
T_pars_est[93]     -18.8613  6.85714e-06
log_fbar[1]      1.32092  -0.00102453
log_fbar[2]     -3.46876  0.000947748
log_fdev[1](1)     -1.72868 -0.000102709
log_fdev[1](2)     -1.81398  6.02529e-05
log_fdev[1](3)     -1.16512 -6.67519e-05
log_fdev[1](4)    -0.825847  8.10311e-05
log_fdev[1](5)    -0.747557  4.79402e-05
log_fdev[1](6)    -0.466416 -0.000122282
log_fdev[1](7)    -0.532394 -0.000119553
log_fdev[1](8)    -0.610108 -0.000218929
log_fdev[1](9)     0.654144 -0.000152079
log_fdev[1](10)   -0.0443338 -0.000186293
log_fdev[1](11)     0.587037 -0.000238745
log_fdev[1](12)     0.864141 -6.89026e-05
log_fdev[1](13)     0.123018  9.65253e-05
log_fdev[1](14)     0.582533   -1.603e-05
log_fdev[1](15)      0.59133  5.30194e-05
log_fdev[1](16)    0.0613689  3.54425e-05
log_fdev[1](17)      1.18389 -1.05771e-05
log_fdev[1](18)    -0.345554  8.56456e-05
log_fdev[1](19)    -0.431715 -0.000150693
log_fdev[1](20)     0.128203 -0.000178553
log_fdev[1](21)     0.407525 -0.000166447
log_fdev[1](22)    -0.168831  1.04105e-05
log_fdev[1](23)    -0.310731 -8.70487e-05
log_fdev[1](24)    -0.850775 -8.68222e-05
log_fdev[1](25)   -0.0777526  9.09822e-05
log_fdev[1](26)     0.265791  5.21255e-06
log_fdev[1](27)    0.0942559 -0.000105476
log_fdev[1](28)    -0.455663  0.000125145
log_fdev[1](29)    -0.619543  0.000266918
log_fdev[1](30)    -0.344177  0.000112736
log_fdev[1](31)     0.133887 -8.82746e-05
log_fdev[1](32)     0.553813  5.70037e-05
log_fdev[1](33)     0.973988 -9.38259e-05
log_fdev[1](34)     0.995069 -0.000102292
log_fdev[1](35)     0.506078 -0.000135548
log_fdev[1](36)      0.55116  3.26899e-05
log_fdev[1](37)      1.02179 -0.000306838
log_fdev[1](38)      1.26016 -5.25861e-05
log_fdev[2](1)    0.0110267  4.27424e-06
log_fdev[2](2)     0.176158  8.77537e-06
log_fdev[2](3)   -0.0121131  -1.1164e-06
log_fdev[2](4)     -0.22065 -9.13502e-07
log_fdev[2](5)     -9.21274  2.00178e-06
log_fdev[2](6)     -5.15059  5.36391e-06
log_fdev[2](7)     -5.69558  7.09421e-07
log_fdev[2](8)     -1.94356 -1.05033e-05
log_fdev[2](9)    -0.439624 -2.01419e-05
log_fdev[2](10)      1.94314  3.39347e-05
log_fdev[2](11)      1.61891  5.22067e-05
log_fdev[2](12)      1.59484  6.76191e-05
log_fdev[2](13)      1.15567  6.35393e-05
log_fdev[2](14)      1.75176  5.80558e-05
log_fdev[2](15)      1.51972  3.45813e-05
log_fdev[2](16)     0.530555  8.62441e-06
log_fdev[2](17)      1.05053  4.13588e-05
log_fdev[2](18)     0.366095   2.9472e-05
log_fdev[2](19)     0.622791  2.80496e-05
log_fdev[2](20)     0.622072  1.85145e-05
log_fdev[2](21)     0.323501  2.05957e-05
log_fdev[2](22)     0.391849  3.41519e-05
log_fdev[2](23)     0.446589   4.4144e-05
log_fdev[2](24)    0.0900707  2.07149e-05
log_fdev[2](25)     0.952693  5.14348e-05
log_fdev[2](26)     0.733892  5.03116e-05
log_fdev[2](27)     0.142217  4.09664e-05
log_fdev[2](28)     0.541191   5.2586e-05
log_fdev[2](29)    -0.711753  3.51046e-05
log_fdev[2](30)    -0.728277  2.95919e-05
log_fdev[2](31)    -0.111169  2.84974e-05
log_fdev[2](32)      0.25598  1.16637e-05
log_fdev[2](33)      1.80628  2.41426e-05
log_fdev[2](34)      3.07868  3.14229e-05
log_fdev[2](35)    -0.565471  4.94224e-05
log_fdev[2](36)      0.39274  5.70566e-05
log_fdev[2](37)       1.6974  4.62505e-05
log_fdev[2](38)     0.975184  4.58464e-05
log_foff[1]     -7.86802 -0.000281089
log_fdov[1](1)      1.26028 -3.88654e-05
log_fdov[1](2)      1.25601  1.62185e-05
log_fdov[1](3)     0.864108   -1.469e-05
log_fdov[1](4)     0.771097   2.3541e-05
log_fdov[1](5)      1.60281  5.04402e-05
log_fdov[1](6)      1.04857 -3.97005e-05
log_fdov[1](7)     0.275161 -2.26241e-05
log_fdov[1](8)     0.128694 -6.66276e-05
log_fdov[1](9)      2.24303  1.15604e-06
log_fdov[1](10)      1.03752  -1.7332e-05
log_fdov[1](11)     0.935072   -7.195e-05
log_fdov[1](12)   -0.0145506 -4.93303e-05
log_fdov[1](13)      0.49212 -1.05546e-06
log_fdov[1](14)     -1.18622 -9.91635e-06
log_fdov[1](15)     0.347948  1.29761e-05
log_fdov[1](16)     0.863788 -1.99882e-05
log_fdov[1](17)     -2.73808  7.52683e-06
log_fdov[1](18)    -0.973968  5.26132e-05
log_fdov[1](19)     -2.82511 -2.77483e-05
log_fdov[1](20)    -0.373209 -0.000107464
log_fdov[1](21)     -2.77633 -3.66949e-05
log_fdov[1](22)     -2.96276  -2.2112e-05
log_fdov[1](23)     -2.18066 -8.88538e-05
log_fdov[1](24)     -1.31301  1.81633e-05
log_fdov[1](25)     -3.43109  1.67921e-05
log_fdov[1](26)     -1.02886  -2.2386e-05
log_fdov[1](27)    -0.779976 -2.09003e-05
log_fdov[1](28)    -0.397125  4.97842e-05
log_fdov[1](29)     -0.35741  4.34592e-05
log_fdov[1](30)       2.0401  6.75739e-06
log_fdov[1](31)     0.192058  4.08081e-05
log_fdov[1](32)     0.537203  7.14897e-06
log_fdov[1](33)      1.14309 -5.16265e-05
log_fdov[1](34)     0.279514 -4.63425e-05
log_fdov[1](35)    -0.308306 -0.000102339
log_fdov[1](36)    -0.515522 -2.62808e-05
log_fdov[1](37)      -1.5913 -0.000278062
log_fdov[1](38)      8.43531 -8.15451e-05
rec_dev_est(1982)    0.0207748 -0.000261925
rec_dev_est(1983)     0.128987   -0.0002613
rec_dev_est(1984)      1.28195 -0.000345588
rec_dev_est(1985)      1.81731 -0.000123665
rec_dev_est(1986)      1.16639 -3.44162e-05
rec_dev_est(1987)     0.210871  0.000436757
rec_dev_est(1988)    -0.436036  0.000155804
rec_dev_est(1989)    -0.698091  4.66617e-05
rec_dev_est(1990)     0.477785 -7.63733e-05
rec_dev_est(1991)     0.879806 -0.000474099
rec_dev_est(1992)    -0.303977 -4.51235e-05
rec_dev_est(1993)    0.0561194 -7.91741e-05
rec_dev_est(1994)    -0.274979 -0.000237652
rec_dev_est(1995)    -0.883531 -0.000134883
rec_dev_est(1996)     -1.86737 -0.000146924
rec_dev_est(1997)     -1.75648 -1.64252e-05
rec_dev_est(1998)    -0.625091 -3.08509e-05
rec_dev_est(1999)    -0.592818  2.20459e-05
rec_dev_est(2000)     -1.39655  2.67265e-05
rec_dev_est(2001)    -0.134403  0.000340888
rec_dev_est(2002)      1.22161  0.000269491
rec_dev_est(2003)    -0.448062  8.54213e-05
rec_dev_est(2004)     0.152384  0.000117766
rec_dev_est(2005)    -0.552013  5.56532e-05
rec_dev_est(2006)     -1.49044 -7.51068e-05
rec_dev_est(2007)     0.069545 -7.97273e-06
rec_dev_est(2008)      1.00007 -3.13332e-05
rec_dev_est(2009)     -0.62697 -2.48761e-05
rec_dev_est(2010)    -0.543808  4.23072e-05
rec_dev_est(2011)    -0.348951 -8.23625e-05
rec_dev_est(2012)    -0.757583  0.000121963
rec_dev_est(2013)    -0.318866  0.000160728
rec_dev_est(2014)      1.00337  8.46362e-05
rec_dev_est(2015)      1.64588 -7.47248e-05
rec_dev_est(2016)     0.810596  5.18541e-05
rec_dev_est(2017)     -0.64691 -2.86535e-05
rec_dev_est(2018)    -0.304774 -2.91396e-05
rec_dev_est(2019)    -0.108102 -4.72748e-06
logit_rec_prop_est(1982)      2.82795 -0.000302369
logit_rec_prop_est(1983)      1.67729 -0.000203171
logit_rec_prop_est(1984)    -0.209125 -0.000903862
logit_rec_prop_est(1985)    -0.818612  0.000237766
logit_rec_prop_est(1986)     -3.78904  4.75353e-05
logit_rec_prop_est(1987)   -0.0893271   0.00192357
logit_rec_prop_est(1988)    -0.670514  0.000696498
logit_rec_prop_est(1989)     0.908678  9.46354e-05
logit_rec_prop_est(1990)      1.48501 -4.47017e-05
logit_rec_prop_est(1991)      1.34374 -0.000740274
logit_rec_prop_est(1992)     -2.74251 -0.000366936
logit_rec_prop_est(1993)     -3.07736 -0.000517655
logit_rec_prop_est(1994)     -1.13698  -0.00154449
logit_rec_prop_est(1995)     -1.06033  -0.00112357
logit_rec_prop_est(1996)      2.99772 -2.12182e-05
logit_rec_prop_est(1997)     0.391377  0.000134843
logit_rec_prop_est(1998)    -0.499483 -6.93266e-05
logit_rec_prop_est(1999)     -1.06371  4.54783e-05
logit_rec_prop_est(2000)     -2.78854  0.000105921
logit_rec_prop_est(2001)     0.757523  0.000278772
logit_rec_prop_est(2002)       -1.998  0.000231511
logit_rec_prop_est(2003)    -0.602734  0.000300102
logit_rec_prop_est(2004)       1.0185 -0.000591279
logit_rec_prop_est(2005)     -0.63975 -0.000153535
logit_rec_prop_est(2006)      1.58582 -9.77218e-05
logit_rec_prop_est(2007)    -0.573729 -3.16725e-05
logit_rec_prop_est(2008)     -1.27929  6.39106e-05
logit_rec_prop_est(2009)      -1.9849  4.78569e-05
logit_rec_prop_est(2010)    -0.894554  0.000391196
logit_rec_prop_est(2011)      -2.5691  3.06583e-05
logit_rec_prop_est(2012)      1.00549  0.000141026
logit_rec_prop_est(2013)      0.86847  0.000716644
logit_rec_prop_est(2014)     0.703869  0.000935517
logit_rec_prop_est(2015)      0.37494  0.000970372
logit_rec_prop_est(2016)     -2.46145 -0.000149399
logit_rec_prop_est(2017)       4.1592 -0.000184329
logit_rec_prop_est(2018)      4.57229 -0.000253839
logit_rec_prop_est(2019)      4.27117 -9.42461e-05
