ParName   Value   Gradient
T_pars_est[3]      13.8943   0.00124846
T_pars_est[11]      9.55879    0.0010146
T_pars_est[12]      9.57272  -0.00286932
T_pars_est[13]      9.62018   0.00206506
T_pars_est[14]      9.74761 -0.000125753
T_pars_est[15]      10.2474  0.000890601
T_pars_est[16]      10.8444  -0.00217053
T_pars_est[17]      11.3341  0.000481213
T_pars_est[18]      11.5393   0.00529825
T_pars_est[19]      11.5978  -0.00343913
T_pars_est[20]      11.5907   0.00703797
T_pars_est[21]      11.5299  -0.00676951
T_pars_est[22]      11.2778   0.00376898
T_pars_est[23]      10.9804  -0.00197094
T_pars_est[24]      10.7369   0.00297602
T_pars_est[25]      10.8142   -0.0014331
T_pars_est[26]      11.8362  0.000198613
T_pars_est[27]      11.2515  0.000112132
T_pars_est[28]      10.2279 -0.000376445
T_pars_est[29]      9.14446  -0.00508943
T_pars_est[30]      8.11156   0.00175976
T_pars_est[31]      7.27699 -0.000616602
T_pars_est[32]      6.86488 -0.000565938
T_pars_est[33]       13.836  -0.00163929
T_pars_est[34]      13.7782  -0.00301705
T_pars_est[35]      13.3298   0.00104056
T_pars_est[36]      13.3447  -0.00618318
T_pars_est[37]      12.8664    0.0142315
T_pars_est[38]      12.9146   0.00465015
T_pars_est[39]      12.5802   -0.0159437
T_pars_est[40]      12.2947   0.00738989
T_pars_est[41]      12.1996  -0.00185481
T_pars_est[42]       11.634   0.00430211
T_pars_est[43]      10.9761  0.000397013
T_pars_est[44]       10.859  -0.00189586
T_pars_est[45]      10.9386   0.00237378
T_pars_est[46]      9.98716  -0.00194107
T_pars_est[47]      8.64482   0.00185406
T_pars_est[48]      7.61162  0.000493802
T_pars_est[49]      6.86843 -0.000342109
T_pars_est[50]      6.34479    -0.002848
T_pars_est[51]       5.9624   0.00512579
T_pars_est[52]      5.67887 -0.000940592
T_pars_est[53]      5.48134  -0.00215868
T_pars_est[54]      5.37868   0.00128898
T_pars_est[55]      12.1815   0.00118042
T_pars_est[56]      12.1865 -0.000308002
T_pars_est[57]      12.2121  -0.00191571
T_pars_est[58]      12.3336   0.00319664
T_pars_est[59]      13.3488   0.00249424
T_pars_est[60]      13.6349   0.00202875
T_pars_est[61]      13.1625   0.00207945
T_pars_est[62]      12.3234   0.00286939
T_pars_est[63]      11.2432   0.00546588
T_pars_est[64]      10.1029  -0.00159176
T_pars_est[65]      9.31025  -0.00284578
T_pars_est[66]      8.82088   0.00143018
T_pars_est[67]       8.5308   0.00173253
T_pars_est[68]      8.44163  -0.00417367
T_pars_est[69]      8.31457  0.000749807
T_pars_est[70]      8.09509   -0.0026483
T_pars_est[71]       7.8141  0.000474723
T_pars_est[72]      7.52537   0.00228405
T_pars_est[73]      7.24653  -0.00164804
T_pars_est[74]      6.98442   0.00148115
T_pars_est[75]      6.80777   0.00314075
T_pars_est[76]      6.72789  -0.00196703
T_pars_est[77]     -13.8465  0.000931191
T_pars_est[78]     -13.8683  0.000533929
T_pars_est[79]     -13.9331  2.09009e-05
T_pars_est[80]     -13.9755 -0.000643535
T_pars_est[81]     -13.7104   0.00033475
T_pars_est[82]     -13.4268  -0.00011834
T_pars_est[83]      -14.328 -0.000233262
T_pars_est[84]     -15.3812  -2.6316e-06
T_pars_est[85]      -16.298 -0.000214699
T_pars_est[86]     -16.9867 -0.000144805
T_pars_est[87]     -17.4701 -0.000607032
T_pars_est[88]     -17.8128 -5.55016e-05
T_pars_est[89]     -18.0925 -0.000256524
T_pars_est[90]     -18.3256  0.000263297
T_pars_est[91]      -18.527  0.000449127
T_pars_est[92]     -18.7041 -0.000145952
T_pars_est[93]      -18.861 -0.000129218
G_pars_est[1]     0.038719  -8.0881e-06
G_pars_est[2]    -0.254489 -0.000182504
G_pars_est[4]     -4.74154  0.000717371
G_pars_est[5]    -0.423956  0.000154339
S_pars_est[5]     -3.06127   0.00164227
S_pars_est[6]     -2.65839  -0.00104946
S_pars_est[7]     -2.32478   0.00279004
S_pars_est[8]     -1.53988 -0.000445415
S_pars_est[9]     -1.58274   0.00193805
S_pars_est[10]     -1.38997  -0.00144586
S_pars_est[11]     -1.11856  -0.00142871
S_pars_est[12]     -1.07635   0.00118236
S_pars_est[13]     -1.15621 -0.000209686
S_pars_est[14]     -1.08734   0.00137752
S_pars_est[15]    -0.996424  -0.00114388
S_pars_est[16]    -0.935545   0.00076964
S_pars_est[17]    -0.900784   0.00135296
S_pars_est[18]    -0.804461 -0.000249579
S_pars_est[19]    -0.795923 -0.000470508
S_pars_est[20]    -0.902269 -0.000269869
S_pars_est[21]    -0.735544 -0.000498718
S_pars_est[22]    -0.623598 -0.000994262
S_pars_est[23]    -0.434007 -0.000395129
S_pars_est[24]    -0.281009 -0.000114884
S_pars_est[25]    -0.177111  0.000161031
S_pars_est[26]    -0.190133  4.69926e-06
S_pars_est[27]     -3.79865   0.00184079
S_pars_est[28]     -3.18277  -0.00204713
S_pars_est[29]      -2.4227   0.00124536
S_pars_est[30]     -1.73026 -0.000984201
S_pars_est[31]     -1.52207   0.00067432
S_pars_est[32]     -1.31993 -0.000777379
S_pars_est[33]     -1.11594   0.00203612
S_pars_est[34]     -1.01137  -0.00289962
S_pars_est[35]     -1.07148   -0.0010384
S_pars_est[36]     -1.06669 -0.000206156
S_pars_est[37]     -1.01061 -0.000513446
S_pars_est[38]    -0.934124  0.000211638
S_pars_est[39]    -0.885694  0.000106463
S_pars_est[40]    -0.768062 -0.000683569
S_pars_est[41]    -0.616156 -0.000208489
S_pars_est[42]    -0.365359  0.000328923
S_pars_est[43]    -0.253487  0.000909371
S_pars_est[44]    -0.179543   0.00135255
S_pars_est[45]    -0.148599  0.000892727
S_pars_est[46]    -0.108385  0.000378938
S_pars_est[47]    -0.063871 -8.86915e-05
S_pars_est[48]   -0.0450643  -2.1954e-05
S_pars_est[51]     -5.93706 -0.000911804
S_pars_est[52]     -5.38298   0.00187624
S_pars_est[53]     -4.09316   0.00168928
S_pars_est[54]     -2.17992 -0.000315339
S_pars_est[55]     -1.34627  -0.00124682
S_pars_est[56]    -0.597094  1.96778e-05
S_pars_est[57]    -0.536788 -0.000336188
S_pars_est[58]    -0.748563  0.000163837
S_pars_est[59]    -0.807131  -0.00106296
S_pars_est[60]    -0.921164 -6.65095e-05
S_pars_est[61]    -0.917749 -0.000595484
S_pars_est[62]    -0.871878  0.000803375
S_pars_est[63]     -0.83776   0.00084075
S_pars_est[64]    -0.790107  0.000450775
S_pars_est[65]    -0.720289  0.000308029
S_pars_est[66]    -0.630121  0.000116049
S_pars_est[67]    -0.528695  9.33195e-05
S_pars_est[68]     -0.42298  0.000105939
S_pars_est[69]    -0.313599  6.55819e-05
S_pars_est[70]    -0.199167  0.000430982
S_pars_est[71]   -0.0826628 -2.09956e-06
S_pars_est[73]     -4.53461 -0.000630054
S_pars_est[74]     -3.66997  -0.00472772
S_pars_est[75]     -3.09481   -0.0016159
S_pars_est[76]     -1.17336   0.00175947
S_pars_est[77]    -0.590214 -0.000545243
S_pars_est[78]    -0.187409   0.00153627
S_pars_est[79]    -0.263693  -0.00176004
S_pars_est[80]    -0.880487  -0.00110612
S_pars_est[81]     -1.03134  1.40266e-05
S_pars_est[82]      -1.2432  -0.00103601
S_pars_est[83]     -1.38629  0.000557255
S_pars_est[84]     -1.03411   0.00261739
S_pars_est[85]    -0.833141   -0.0019877
S_pars_est[86]    -0.778039   0.00101995
S_pars_est[87]    -0.710719   0.00116718
S_pars_est[88]    -0.623406  0.000117994
S_pars_est[89]    -0.524227  -2.8827e-05
S_pars_est[90]    -0.419964  -4.7957e-06
S_pars_est[91]    -0.311338 -4.62752e-07
S_pars_est[92]    -0.197233 -1.02483e-05
S_pars_est[93]   -0.0805375  6.33271e-08
log_fbar[1]      0.25585  0.000751558
log_fbar[2]     -4.51272  0.000361378
log_fdev[1](1)     -1.53214  0.000184999
log_fdev[1](2)     -1.80208  -0.00104133
log_fdev[1](3)     -1.17267 -0.000938941
log_fdev[1](4)    -0.826971 -0.000125052
log_fdev[1](5)    -0.712235  -0.00266917
log_fdev[1](6)    -0.394821  0.000357413
log_fdev[1](7)    -0.385476   0.00223425
log_fdev[1](8)      -0.4195   0.00183361
log_fdev[1](9)     0.612864   0.00193659
log_fdev[1](10)     0.209227  0.000250076
log_fdev[1](11)     0.675151  0.000276673
log_fdev[1](12)     0.871201 -0.000460865
log_fdev[1](13)     0.257049 -0.000790118
log_fdev[1](14)     0.571547  0.000629458
log_fdev[1](15)     0.562761  -0.00104944
log_fdev[1](16)     0.314094  -0.00298148
log_fdev[1](17)      1.16716   0.00398115
log_fdev[1](18)    -0.324116  9.51173e-05
log_fdev[1](19)    -0.414199  -0.00071146
log_fdev[1](20)     0.183456   0.00082376
log_fdev[1](21)     0.313344   0.00152413
log_fdev[1](22)    -0.292567  0.000516161
log_fdev[1](23)    -0.449575  2.45314e-05
log_fdev[1](24)    -0.759192  -0.00157894
log_fdev[1](25)    -0.216284 -0.000268956
log_fdev[1](26)     0.152656  0.000347503
log_fdev[1](27)    -0.102722  0.000920482
log_fdev[1](28)    -0.620666  5.95091e-05
log_fdev[1](29)    -0.615702 -0.000356833
log_fdev[1](30)    -0.168204 -0.000567406
log_fdev[1](31)     0.233938 -0.000432175
log_fdev[1](32)     0.604768  0.000593446
log_fdev[1](33)      1.02716  -0.00176547
log_fdev[1](34)      1.00507  0.000839526
log_fdev[1](35)     0.571327 -0.000878585
log_fdev[1](36)      0.66237  -0.00095824
log_fdev[1](37)      1.07443  -0.00118183
log_fdev[1](38)     0.914528   0.00147179
log_fdev[1](39)      1.25924  -0.00220909
log_fdev[1](40)    -0.634362 -0.000243762
log_fdev[1](41)    -0.870302  0.000146519
log_fdev[1](42)    -0.529561  0.000521543
log_fdev[2](1)    0.0496961  0.000159107
log_fdev[2](2)    0.0319319  0.000873055
log_fdev[2](3)    -0.179168   0.00113402
log_fdev[2](4)    -0.387758  0.000699819
log_fdev[2](5)     -9.35462 -0.000614746
log_fdev[2](6)     -5.25477 -0.000424667
log_fdev[2](7)     -5.71742  2.34892e-05
log_fdev[2](8)     -1.91592  -0.00104013
log_fdev[2](9)    -0.586927  -0.00437614
log_fdev[2](10)      1.99004   0.00663107
log_fdev[2](11)      1.55358  -0.00219459
log_fdev[2](12)       1.4708   0.00198172
log_fdev[2](13)      1.11518  4.61792e-05
log_fdev[2](14)      1.63709   0.00817847
log_fdev[2](15)      1.40785  0.000995246
log_fdev[2](16)     0.569595  -0.00564848
log_fdev[2](17)     0.880758  -0.00237619
log_fdev[2](18)     0.268154   -0.0054344
log_fdev[2](19)     0.476778   0.00362111
log_fdev[2](20)     0.491885   -0.0020411
log_fdev[2](21)     0.117897  -0.00248069
log_fdev[2](22)     0.143368   0.00350518
log_fdev[2](23)     0.173946    0.0120607
log_fdev[2](24)   -0.0124158  -0.00866131
log_fdev[2](25)     0.686918  -0.00164565
log_fdev[2](26)     0.450456  -0.00127739
log_fdev[2](27)    -0.181237   0.00272957
log_fdev[2](28)      0.24642  -0.00156196
log_fdev[2](29)    -0.872448  -0.00307452
log_fdev[2](30)    -0.752102  0.000971093
log_fdev[2](31)    -0.203541 -0.000719828
log_fdev[2](32)     0.184166   0.00201017
log_fdev[2](33)      1.73222  -0.00178063
log_fdev[2](34)      2.98279  -0.00127526
log_fdev[2](35)    -0.630824   -0.0047224
log_fdev[2](36)     0.423849    0.0035744
log_fdev[2](37)      1.64767   0.00178325
log_fdev[2](38)     0.829756   0.00215499
log_fdev[2](39)      1.20966 -0.000422607
log_fdev[2](40)      0.82443 -0.000746024
log_fdev[2](41)    -0.148841   0.00251592
log_fdev[2](42)     0.531196   0.00485699
log_fdev[2](43)        0.525   -0.0114898
log_fdev[2](44)      1.54492   0.00344416
log_foff[1]     -7.47531  -0.00248506
log_fdov[1](1)      1.62299 -0.000829659
log_fdov[1](2)      1.80368  0.000709824
log_fdov[1](3)      1.43144 -0.000530225
log_fdov[1](4)      1.33211  -0.00319941
log_fdov[1](5)      2.12708   0.00482673
log_fdov[1](6)      1.54265 -0.000537538
log_fdov[1](7)     0.705032  -0.00181858
log_fdov[1](8)     0.522076  -0.00122202
log_fdov[1](9)      2.87187  -0.00245388
log_fdov[1](10)       1.3777   0.00159105
log_fdov[1](11)      1.44505  -0.00010919
log_fdov[1](12)      0.57835   0.00180907
log_fdov[1](13)     0.956155   0.00233287
log_fdov[1](14)    -0.585745  -0.00151385
log_fdov[1](15)     0.959205    0.0016556
log_fdov[1](16)      1.18663   0.00708638
log_fdov[1](17)      -2.1568   -0.0107433
log_fdov[1](18)    -0.440938  1.28561e-05
log_fdov[1](19)     -2.29154   0.00193676
log_fdov[1](20)     0.135088  -0.00190543
log_fdov[1](21)     -2.10331   -0.0011777
log_fdov[1](22)     -2.26018   0.00138668
log_fdov[1](23)     -1.47192   0.00237489
log_fdov[1](24)    -0.837171    0.0029195
log_fdov[1](25)      -2.7039   -0.0019417
log_fdov[1](26)    -0.296498 -0.000646426
log_fdov[1](27)    0.0398791  -0.00226304
log_fdov[1](28)     0.389802  -0.00120411
log_fdov[1](29)     0.267561  0.000220917
log_fdov[1](30)      2.49703   0.00144482
log_fdov[1](31)     0.703489  0.000602143
log_fdov[1](32)      1.08822  -0.00145271
log_fdov[1](33)      1.70464   0.00401636
log_fdov[1](34)     0.897496  -0.00251454
log_fdov[1](35)     0.257633  0.000393037
log_fdov[1](36)   -0.0132869    0.0017423
log_fdov[1](37)     -1.07003   0.00289099
log_fdov[1](38)    -0.360943  -0.00514647
log_fdov[1](39)      -3.5058    0.0046278
log_fdov[1](40)     -4.30601  -0.00177173
log_fdov[1](41)     -5.20082  -0.00033824
log_fdov[1](42)      1.16203  0.000368611
rec_dev_est(1982)     0.219202  -0.00357377
rec_dev_est(1983)     0.267601  0.000717407
rec_dev_est(1984)      1.35114 -0.000779408
rec_dev_est(1985)      1.78464  -0.00110862
rec_dev_est(1986)      1.02183  0.000414941
rec_dev_est(1987)     0.169148 -0.000127948
rec_dev_est(1988)    -0.459169   0.00192039
rec_dev_est(1989)    -0.769743  0.000749259
rec_dev_est(1990)     0.754141  -0.00140932
rec_dev_est(1991)     0.917317  0.000739155
rec_dev_est(1992)    -0.283877   0.00066704
rec_dev_est(1993)     0.115104  0.000941833
rec_dev_est(1994)    -0.403001  0.000209811
rec_dev_est(1995)    -0.896804  7.73361e-05
rec_dev_est(1996)     -1.49974  -0.00421129
rec_dev_est(1997)     -1.37498   0.00199508
rec_dev_est(1998)    -0.557888  -0.00499604
rec_dev_est(1999)    -0.643645  0.000333236
rec_dev_est(2000)     -1.42561   0.00218649
rec_dev_est(2001)    0.0512847  -0.00237405
rec_dev_est(2002)      1.22755   0.00134759
rec_dev_est(2003)    -0.530121 -0.000738953
rec_dev_est(2004)     0.202352  -0.00150173
rec_dev_est(2005)    -0.751737   0.00200408
rec_dev_est(2006)     -1.57046   0.00178492
rec_dev_est(2007)    0.0357341  -0.00281644
rec_dev_est(2008)     0.946247 -5.30781e-05
rec_dev_est(2009)    -0.641356  1.72673e-05
rec_dev_est(2010)     -0.61887  8.98248e-05
rec_dev_est(2011)    -0.491852 -0.000485712
rec_dev_est(2012)    -0.980615  -0.00029461
rec_dev_est(2013)    -0.800351   0.00606531
rec_dev_est(2014)      1.12009  -0.00153163
rec_dev_est(2015)      1.25684  8.94675e-05
rec_dev_est(2016)      1.55417   0.00392825
rec_dev_est(2017)    -0.517184  -0.00140443
rec_dev_est(2018)    -0.960439  -0.00131555
rec_dev_est(2019)    -0.971485  0.000921543
rec_dev_est(2020)     0.111989  -0.00104615
rec_dev_est(2021)     0.478904  -0.00224349
rec_dev_est(2022)       1.4788 -0.000418106
rec_dev_est(2023)    -0.385481   0.00163127
rec_dev_est(2024)    -0.807566   0.00142053
rec_dev_est(2025)    -0.394517    0.0025975
logit_rec_prop_est(1982)      3.05229 -0.000467607
logit_rec_prop_est(1983)      1.88333  0.000311193
logit_rec_prop_est(1984)    0.0196883 -0.000213477
logit_rec_prop_est(1985)    -0.643169  0.000764984
logit_rec_prop_est(1986)     -3.60533  -0.00108161
logit_rec_prop_est(1987)     0.352839 -0.000513839
logit_rec_prop_est(1988)     -0.18436  -0.00115789
logit_rec_prop_est(1989)      1.04545 -0.000815375
logit_rec_prop_est(1990)      1.92914 -0.000488377
logit_rec_prop_est(1991)      1.46105 -0.000213672
logit_rec_prop_est(1992)       -2.036   -0.0028666
logit_rec_prop_est(1993)     -1.54844   0.00177871
logit_rec_prop_est(1994)     -1.39281 -0.000989684
logit_rec_prop_est(1995)     -1.20741  0.000449143
logit_rec_prop_est(1996)      3.90336  0.000225689
logit_rec_prop_est(1997)     0.934898   0.00034539
logit_rec_prop_est(1998)     0.100545  3.47195e-05
logit_rec_prop_est(1999)    -0.886127   0.00132149
logit_rec_prop_est(2000)     -2.14077  -0.00207344
logit_rec_prop_est(2001)      1.01844 -0.000217171
logit_rec_prop_est(2002)     -1.65703 -0.000477279
logit_rec_prop_est(2003)       3.9299   0.00269474
logit_rec_prop_est(2004)     0.985745 -0.000330428
logit_rec_prop_est(2005)    -0.736936 -0.000817004
logit_rec_prop_est(2006)      2.02858  0.000795886
logit_rec_prop_est(2007)    -0.317621 -0.000898377
logit_rec_prop_est(2008)     -1.01189  -0.00144956
logit_rec_prop_est(2009)     -1.81035  -0.00257752
logit_rec_prop_est(2010)     -0.49151 -0.000222249
logit_rec_prop_est(2011)     -1.83719 -0.000696641
logit_rec_prop_est(2012)      1.44993  -0.00264423
logit_rec_prop_est(2013)    0.0989415 -6.95327e-05
logit_rec_prop_est(2014)     0.929733 -0.000268848
logit_rec_prop_est(2015)     -1.05579  0.000861991
logit_rec_prop_est(2016)     -3.63978 -0.000672004
logit_rec_prop_est(2017)     -3.02345 -0.000512653
logit_rec_prop_est(2018)     -2.15254 -0.000363671
logit_rec_prop_est(2019)     -2.49813 -0.000338325
logit_rec_prop_est(2020)     0.657715 -0.000301421
logit_rec_prop_est(2021)     0.631158 -0.000390284
logit_rec_prop_est(2022)     -0.24892 -4.65158e-05
logit_rec_prop_est(2023)      4.23361   0.00224539
logit_rec_prop_est(2024)       2.7349   0.00663853
logit_rec_prop_est(2025)      0.74428  0.000263765
