ParName   Value   Gradient
T_pars_est[3]      14.0007 -0.000411798
T_pars_est[11]      9.55021 -0.000115144
T_pars_est[12]      9.56294   0.00154385
T_pars_est[13]      9.60574  -0.00169206
T_pars_est[14]      9.72428  0.000723297
T_pars_est[15]      10.2193   -6.427e-05
T_pars_est[16]      10.8045  0.000230846
T_pars_est[17]      11.3075  -0.00091408
T_pars_est[18]      11.5401 -0.000254991
T_pars_est[19]      11.6128 -0.000666407
T_pars_est[20]      11.6285  7.66218e-05
T_pars_est[21]      11.6058  0.000559384
T_pars_est[22]      11.4122  0.000911589
T_pars_est[23]      11.1956   0.00114214
T_pars_est[24]       11.017 -0.000183257
T_pars_est[25]      11.0759 -0.000203525
T_pars_est[26]      11.8496 -0.000116695
T_pars_est[27]      11.1143 -0.000275558
T_pars_est[28]      9.96143 -0.000352066
T_pars_est[29]      8.72281  0.000193715
T_pars_est[30]       7.5821  0.000963532
T_pars_est[31]      6.71448 -0.000858587
T_pars_est[32]      6.27695  0.000419798
T_pars_est[33]      13.7527  0.000446762
T_pars_est[34]       13.778 -0.000237087
T_pars_est[35]      13.3169  0.000748652
T_pars_est[36]      13.3139  2.96959e-05
T_pars_est[37]      12.7173  5.37576e-05
T_pars_est[38]      12.7028  0.000334198
T_pars_est[39]      12.3412  4.77773e-05
T_pars_est[40]      12.0291   -0.0016266
T_pars_est[41]      11.8137  0.000822165
T_pars_est[42]      11.1592 -0.000836597
T_pars_est[43]      10.5082   -0.0012835
T_pars_est[44]      10.3227 -0.000149456
T_pars_est[45]      10.2356  0.000805602
T_pars_est[46]       9.2321    0.0011021
T_pars_est[47]       7.9178 -0.000787476
T_pars_est[48]      6.89312  0.000618189
T_pars_est[49]      6.16626  -0.00085586
T_pars_est[50]      5.65677   0.00132532
T_pars_est[51]      5.28913 -0.000777318
T_pars_est[52]      5.01714  0.000137416
T_pars_est[53]      4.82529 -0.000972652
T_pars_est[54]      4.72488  0.000624347
T_pars_est[55]      12.2625  0.000377479
T_pars_est[56]      12.2667  0.000152699
T_pars_est[57]       12.289 -0.000887985
T_pars_est[58]      12.3912  0.000327766
T_pars_est[59]      13.3925  0.000168333
T_pars_est[60]      13.6611 -5.52272e-05
T_pars_est[61]      13.1721 -0.000176737
T_pars_est[62]      12.3372 -7.43841e-05
T_pars_est[63]      11.2538 -9.54355e-05
T_pars_est[64]      10.1048   0.00137859
T_pars_est[65]      9.29537  -0.00101028
T_pars_est[66]      8.78731  0.000258087
T_pars_est[67]      8.47321  -0.00170191
T_pars_est[68]      8.36308  0.000698695
T_pars_est[69]      8.20066  9.53728e-05
T_pars_est[70]      7.92547 -0.000541257
T_pars_est[71]      7.57134  -0.00113585
T_pars_est[72]      7.19814  0.000637111
T_pars_est[73]      6.82661  0.000609663
T_pars_est[74]      6.46905 -0.000739592
T_pars_est[75]      6.21081 -0.000280528
T_pars_est[76]      6.07993 -0.000154967
T_pars_est[77]     -13.7967  0.000534147
T_pars_est[78]     -13.8161 -0.000701084
T_pars_est[79]     -13.8742  0.000667736
T_pars_est[80]     -13.9225 -0.000438522
T_pars_est[81]     -13.6697 -0.000608382
T_pars_est[82]     -13.4062 -0.000463984
T_pars_est[83]     -14.3274 -0.000474358
T_pars_est[84]      -15.384  0.000805361
T_pars_est[85]     -16.3013 -0.000572142
T_pars_est[86]     -16.9898   0.00017141
T_pars_est[87]     -17.4728  0.000277306
T_pars_est[88]     -17.8149  0.000379499
T_pars_est[89]     -18.0941  0.000148484
T_pars_est[90]     -18.3268 -8.46151e-05
T_pars_est[91]     -18.5278 -0.000230562
T_pars_est[92]     -18.7046 -0.000256062
T_pars_est[93]     -18.8613  0.000570317
G_pars_est[1]   -0.0440611 -0.000120328
G_pars_est[2]    -0.256878  3.36352e-05
G_pars_est[4]     -4.76595   0.00108255
G_pars_est[5]    -0.424769  0.000100822
S_pars_est[5]      -3.0355  0.000152368
S_pars_est[6]     -2.64586  2.84897e-05
S_pars_est[7]     -2.30614  0.000409909
S_pars_est[8]     -1.52544 -0.000208576
S_pars_est[9]     -1.59055 -0.000158375
S_pars_est[10]     -1.38786  0.000129355
S_pars_est[11]     -1.11113 -0.000551808
S_pars_est[12]     -1.06254  0.000324693
S_pars_est[13]     -1.13324  8.26469e-05
S_pars_est[14]     -1.06375  0.000157902
S_pars_est[15]    -0.968451  0.000393069
S_pars_est[16]    -0.904888   0.00063934
S_pars_est[17]    -0.871676  0.000489091
S_pars_est[18]    -0.778702 -6.71385e-07
S_pars_est[19]    -0.765366  0.000318691
S_pars_est[20]    -0.813889  0.000201344
S_pars_est[21]    -0.607431  0.000349987
S_pars_est[22]    -0.481365  0.000316507
S_pars_est[23]    -0.343341  0.000125885
S_pars_est[24]     -0.22516  0.000203824
S_pars_est[25]    -0.119199 -1.22156e-05
S_pars_est[26]    -0.071081 -3.86358e-05
S_pars_est[27]     -4.19232 -8.83827e-05
S_pars_est[28]     -3.14503  1.43639e-05
S_pars_est[29]      -2.4632 -0.000164279
S_pars_est[30]     -1.57198 -3.48376e-06
S_pars_est[31]     -1.43616 -0.000341825
S_pars_est[32]     -1.22939 -3.59138e-05
S_pars_est[33]     -1.03554  9.99173e-05
S_pars_est[34]    -0.947242  0.000276585
S_pars_est[35]    -0.984918 -0.000617088
S_pars_est[36]    -0.985467 -0.000105897
S_pars_est[37]    -0.942626 -0.000157491
S_pars_est[38]    -0.876466  0.000292542
S_pars_est[39]    -0.827794  9.75326e-06
S_pars_est[40]     -0.71201   0.00020662
S_pars_est[41]    -0.547133  0.000348261
S_pars_est[42]    -0.299722  8.64897e-05
S_pars_est[43]    -0.197964  -0.00083933
S_pars_est[44]    -0.146248 -0.000336735
S_pars_est[45]     -0.12312  0.000670922
S_pars_est[46]   -0.0820665 -0.000408222
S_pars_est[47]   -0.0288663 -4.25749e-05
S_pars_est[48] -4.55969e-08  0.000132921
S_pars_est[51]     -6.11305  0.000476894
S_pars_est[52]     -5.54748 -0.000590455
S_pars_est[53]     -4.24771  9.81088e-05
S_pars_est[54]     -2.23586 -1.19018e-05
S_pars_est[55]     -1.38792  -0.00043627
S_pars_est[56]    -0.616702   8.4495e-05
S_pars_est[57]     -0.53242  0.000874244
S_pars_est[58]    -0.742632 -2.35515e-05
S_pars_est[59]    -0.802114  -0.00115056
S_pars_est[60]    -0.916801  0.000686444
S_pars_est[61]    -0.913445  3.98691e-05
S_pars_est[62]    -0.870039  -2.8647e-05
S_pars_est[63]    -0.836435 -5.57029e-05
S_pars_est[64]    -0.788722  0.000341857
S_pars_est[65]    -0.718805  0.000243056
S_pars_est[66]     -0.62874  0.000130845
S_pars_est[67]    -0.527569  8.83951e-05
S_pars_est[68]    -0.422114  4.16007e-05
S_pars_est[69]    -0.312956  5.97001e-05
S_pars_est[70]    -0.198652   0.00028252
S_pars_est[71]   -0.0821217  9.77159e-05
S_pars_est[73]     -4.51661  0.000382209
S_pars_est[74]     -3.73523  0.000460071
S_pars_est[75]     -3.02656 -0.000909705
S_pars_est[76]     -1.15541  -0.00132298
S_pars_est[77]    -0.611153  0.000898636
S_pars_est[78]    -0.220055  0.000404407
S_pars_est[79]    -0.276804 -0.000117759
S_pars_est[80]    -0.884337  0.000275357
S_pars_est[81]     -1.00197 -7.23851e-05
S_pars_est[82]     -1.20933 -8.09117e-05
S_pars_est[83]      -1.3304  0.000110732
S_pars_est[84]     -1.00526 -0.000356272
S_pars_est[85]    -0.832125    8.052e-05
S_pars_est[86]    -0.778169 -0.000113283
S_pars_est[87]    -0.710787  -0.00155291
S_pars_est[88]    -0.623456 -0.000502109
S_pars_est[89]    -0.524271  8.45856e-05
S_pars_est[90]    -0.420004  4.18658e-05
S_pars_est[91]    -0.311373 -3.62749e-06
S_pars_est[92]    -0.197265 -1.26977e-05
S_pars_est[93]   -0.0805745  2.47684e-06
log_fbar[1]      1.32216  3.26721e-05
log_fbar[2]     -3.47413 -4.80686e-05
log_fdev[1](1)     -1.72994  0.000236254
log_fdev[1](2)     -1.81524 -0.000122075
log_fdev[1](3)     -1.16639  0.000506082
log_fdev[1](4)     -0.82712  0.000578779
log_fdev[1](5)    -0.748834  5.02666e-06
log_fdev[1](6)    -0.467689 -0.000266838
log_fdev[1](7)    -0.533663  2.24329e-05
log_fdev[1](8)    -0.611385  0.000150485
log_fdev[1](9)      0.65285  5.80018e-05
log_fdev[1](10)   -0.0455999  8.04422e-05
log_fdev[1](11)      0.58575  0.000130932
log_fdev[1](12)     0.862866 -0.000238304
log_fdev[1](13)     0.121711  5.58127e-05
log_fdev[1](14)     0.581108  0.000258885
log_fdev[1](15)     0.589854 -0.000200371
log_fdev[1](16)    0.0599747 -3.61195e-05
log_fdev[1](17)      1.18232 -0.000279712
log_fdev[1](18)    -0.347064 -0.000277882
log_fdev[1](19)    -0.433087 -0.000247165
log_fdev[1](20)     0.126563 -0.000117078
log_fdev[1](21)     0.406077  -0.00026069
log_fdev[1](22)    -0.169014  6.21103e-05
log_fdev[1](23)     -0.30589 -0.000113913
log_fdev[1](24)    -0.832725 -0.000285319
log_fdev[1](25)    -0.067915  2.71284e-05
log_fdev[1](26)     0.265805 -1.22515e-05
log_fdev[1](27)    0.0930029  -1.4963e-05
log_fdev[1](28)    -0.456879 -0.000440613
log_fdev[1](29)    -0.620574 -0.000319826
log_fdev[1](30)    -0.345312 -0.000148603
log_fdev[1](31)      0.13264   -0.0002194
log_fdev[1](32)     0.552755   4.2573e-05
log_fdev[1](33)     0.972937 -4.01452e-05
log_fdev[1](34)     0.994479  0.000362241
log_fdev[1](35)     0.505572  2.55911e-05
log_fdev[1](36)     0.555114 -3.31805e-06
log_fdev[1](37)      1.02402  0.000339927
log_fdev[1](38)      1.25892  0.000643474
log_fdev[2](1)    0.0163943 -0.000228486
log_fdev[2](2)     0.181518   4.7925e-07
log_fdev[2](3)  -0.00675508 -0.000228716
log_fdev[2](4)    -0.215297 -0.000208581
log_fdev[2](5)     -9.20738  0.000930624
log_fdev[2](6)     -5.14524 -0.000436591
log_fdev[2](7)     -5.69022  0.000162507
log_fdev[2](8)     -1.93821 -0.000494174
log_fdev[2](9)    -0.434292 -0.000252215
log_fdev[2](10)      1.94849  0.000770356
log_fdev[2](11)      1.62425 -3.63258e-05
log_fdev[2](12)      1.60019   0.00030127
log_fdev[2](13)      1.16097  0.000241414
log_fdev[2](14)      1.75697 -0.000143206
log_fdev[2](15)      1.52486  4.17606e-06
log_fdev[2](16)     0.535704  0.000253477
log_fdev[2](17)      1.05556 -2.93028e-05
log_fdev[2](18)     0.371184   -0.0004727
log_fdev[2](19)     0.628008 -0.000573273
log_fdev[2](20)     0.627095   5.6313e-05
log_fdev[2](21)     0.328848   0.00016607
log_fdev[2](22)     0.398334  0.000337227
log_fdev[2](23)     0.457246  0.000834344
log_fdev[2](24)    0.0692197  -0.00207255
log_fdev[2](25)     0.922303 -0.000489049
log_fdev[2](26)     0.728178 -0.000467322
log_fdev[2](27)     0.147497  0.000783429
log_fdev[2](28)     0.546626 -0.000712186
log_fdev[2](29)    -0.706091  0.000284272
log_fdev[2](30)    -0.722691 -0.000608798
log_fdev[2](31)    -0.105794 -9.65605e-05
log_fdev[2](32)     0.257054 -0.000277127
log_fdev[2](33)      1.81127  0.000192842
log_fdev[2](34)      3.08288  0.000715583
log_fdev[2](35)    -0.559503 -9.69856e-05
log_fdev[2](36)     0.292862  0.000348243
log_fdev[2](37)      1.67739   0.00110056
log_fdev[2](38)     0.980575  0.000840759
log_foff[1]     -7.86914  -0.00026937
log_fdov[1](1)      1.26142 -0.000104213
log_fdov[1](2)      1.25716  0.000454026
log_fdov[1](3)     0.865258 -0.000374264
log_fdov[1](4)     0.772265 -0.000566107
log_fdov[1](5)      1.60403  0.000379936
log_fdov[1](6)      1.04981  0.000648519
log_fdov[1](7)     0.276333 -0.000373131
log_fdov[1](8)     0.129833  -0.00046187
log_fdov[1](9)       2.2442  9.14917e-06
log_fdov[1](10)      1.03869  -1.0652e-05
log_fdov[1](11)     0.936279 -0.000357488
log_fdov[1](12)   -0.0133358  0.000287998
log_fdov[1](13)       0.4934 -0.000410192
log_fdov[1](14)     -1.18479 -0.000808833
log_fdov[1](15)     0.349474  6.07635e-05
log_fdov[1](16)     0.865232  4.91971e-05
log_fdov[1](17)     -2.73643  0.000339886
log_fdov[1](18)    -0.972362  0.000185323
log_fdov[1](19)     -2.82365  0.000264183
log_fdov[1](20)    -0.371491 -3.49606e-05
log_fdov[1](21)      -2.7748  0.000403394
log_fdov[1](22)     -2.96245 -0.000411905
log_fdov[1](23)     -2.18528  0.000100665
log_fdov[1](24)     -1.33103 -1.10058e-05
log_fdov[1](25)      -3.4409 -0.000669951
log_fdov[1](26)     -1.02878 -0.000413337
log_fdov[1](27)    -0.778618 -0.000279555
log_fdov[1](28)     -0.39579  0.000590878
log_fdov[1](29)    -0.356267  0.000587535
log_fdov[1](30)      2.04128   0.00024265
log_fdov[1](31)      0.19331  0.000439267
log_fdov[1](32)     0.538258 -0.000396109
log_fdov[1](33)      1.14414  0.000181135
log_fdov[1](34)      0.28008 -0.000456624
log_fdov[1](35)    -0.307839  0.000107419
log_fdov[1](36)     -0.51953  0.000560956
log_fdov[1](37)     -1.59361  0.000187756
log_fdov[1](38)      8.43652  0.000342143
rec_dev_est(1982)      0.02082 -0.000274328
rec_dev_est(1983)     0.128994 -0.000258169
rec_dev_est(1984)      1.28196  1.59016e-05
rec_dev_est(1985)      1.81736  0.000442556
rec_dev_est(1986)      1.16649 -0.000434138
rec_dev_est(1987)     0.210578 -0.000400424
rec_dev_est(1988)    -0.436062   0.00136504
rec_dev_est(1989)    -0.698177  0.000336408
rec_dev_est(1990)     0.477966  0.000171985
rec_dev_est(1991)     0.879846  0.000174637
rec_dev_est(1992)    -0.304161  7.68319e-05
rec_dev_est(1993)    0.0557978 -0.000756505
rec_dev_est(1994)    -0.274966   0.00100787
rec_dev_est(1995)    -0.883751  7.20461e-05
rec_dev_est(1996)     -1.86848 -0.000449614
rec_dev_est(1997)     -1.75368  0.000639655
rec_dev_est(1998)      -0.6284   6.4689e-05
rec_dev_est(1999)    -0.593476  0.000543126
rec_dev_est(2000)     -1.39632  -0.00107766
rec_dev_est(2001)    -0.131889  3.09724e-05
rec_dev_est(2002)      1.22124   0.00048578
rec_dev_est(2003)    -0.447846  2.28859e-05
rec_dev_est(2004)     0.151697  5.74822e-06
rec_dev_est(2005)    -0.551495 -0.000694019
rec_dev_est(2006)     -1.49069  7.31222e-05
rec_dev_est(2007)     0.069414 -0.000471699
rec_dev_est(2008)      1.00006  0.000242442
rec_dev_est(2009)    -0.627009  0.000214679
rec_dev_est(2010)    -0.543901   0.00100545
rec_dev_est(2011)    -0.349465 -0.000992419
rec_dev_est(2012)    -0.757981 -0.000744269
rec_dev_est(2013)    -0.317924 -0.000172713
rec_dev_est(2014)      1.00325 -0.000392431
rec_dev_est(2015)      1.64587 -0.000505831
rec_dev_est(2016)     0.810553  0.000365149
rec_dev_est(2017)    -0.646192  0.000170041
rec_dev_est(2018)    -0.304361 -2.40126e-05
rec_dev_est(2019)    -0.108044  7.57256e-05
logit_rec_prop_est(1982)      2.82848  4.96174e-05
logit_rec_prop_est(1983)      1.67764  3.32147e-05
logit_rec_prop_est(1984)    -0.208937 -2.66606e-05
logit_rec_prop_est(1985)    -0.818697 -4.84212e-05
logit_rec_prop_est(1986)     -3.78863  3.71841e-05
logit_rec_prop_est(1987)   -0.0889151  0.000139818
logit_rec_prop_est(1988)    -0.669888 -0.000190094
logit_rec_prop_est(1989)      0.90923 -0.000162523
logit_rec_prop_est(1990)      1.48569 -7.61581e-05
logit_rec_prop_est(1991)      1.34423 -8.20299e-05
logit_rec_prop_est(1992)     -2.74214 -2.92922e-05
logit_rec_prop_est(1993)     -3.07679  8.02176e-05
logit_rec_prop_est(1994)     -1.13797 -0.000402594
logit_rec_prop_est(1995)     -1.05528 -0.000256532
logit_rec_prop_est(1996)      2.95676  4.56598e-05
logit_rec_prop_est(1997)      0.39975 -0.000198305
logit_rec_prop_est(1998)    -0.508586  -0.00019473
logit_rec_prop_est(1999)     -1.06508 -9.97921e-05
logit_rec_prop_est(2000)     -2.76996 -9.93563e-05
logit_rec_prop_est(2001)     0.762531  -3.8125e-05
logit_rec_prop_est(2002)     -2.00208 -2.94175e-05
logit_rec_prop_est(2003)    -0.596472  0.000138775
logit_rec_prop_est(2004)       1.0171  8.18982e-05
logit_rec_prop_est(2005)    -0.636766  5.75013e-05
logit_rec_prop_est(2006)      1.58534   0.00034003
logit_rec_prop_est(2007)    -0.573629  0.000121142
logit_rec_prop_est(2008)     -1.27928  0.000159755
logit_rec_prop_est(2009)     -1.98465 -0.000177317
logit_rec_prop_est(2010)    -0.894379 -2.75667e-05
logit_rec_prop_est(2011)     -2.57531  0.000198348
logit_rec_prop_est(2012)      1.00388  0.000246734
logit_rec_prop_est(2013)     0.870148  9.09491e-05
logit_rec_prop_est(2014)     0.703691  0.000100296
logit_rec_prop_est(2015)     0.374983   7.7084e-05
logit_rec_prop_est(2016)     -2.46129 -0.000108266
logit_rec_prop_est(2017)      4.16458  0.000253518
logit_rec_prop_est(2018)      4.57516  0.000676424
logit_rec_prop_est(2019)      4.27554 -0.000196361
