ParName   Value   Gradient
T_pars_est[3]      14.0007  -0.00097736
T_pars_est[11]      9.55024 -0.000672773
T_pars_est[12]      9.56297   0.00169628
T_pars_est[13]      9.60578  0.000617662
T_pars_est[14]       9.7243 -0.000855976
T_pars_est[15]      10.2193  -0.00218974
T_pars_est[16]      10.8045  -0.00166008
T_pars_est[17]      11.3076   0.00169384
T_pars_est[18]      11.5401  -0.00049688
T_pars_est[19]      11.6128   0.00524334
T_pars_est[20]      11.6285  -0.00161845
T_pars_est[21]      11.6058   0.00428951
T_pars_est[22]      11.4122  -0.00104906
T_pars_est[23]      11.1956   0.00409974
T_pars_est[24]      11.0171    0.0012993
T_pars_est[25]      11.0759  0.000704059
T_pars_est[26]      11.8496   0.00117524
T_pars_est[27]      11.1143   0.00148158
T_pars_est[28]      9.96144   0.00187568
T_pars_est[29]      8.72282  0.000474131
T_pars_est[30]      7.58211 -0.000862241
T_pars_est[31]      6.71449  0.000331709
T_pars_est[32]      6.27695  -0.00121456
T_pars_est[33]      13.7527  -0.00231463
T_pars_est[34]       13.778 -0.000257326
T_pars_est[35]      13.3168   0.00119722
T_pars_est[36]      13.3139  -0.00223665
T_pars_est[37]      12.7172   0.00153929
T_pars_est[38]      12.7027  -0.00218517
T_pars_est[39]      12.3411 -0.000102464
T_pars_est[40]       12.029  -0.00247338
T_pars_est[41]      11.8136 -0.000374019
T_pars_est[42]      11.1591   0.00280165
T_pars_est[43]      10.5081    0.0026292
T_pars_est[44]      10.3227   -0.0024157
T_pars_est[45]      10.2355  -0.00123276
T_pars_est[46]      9.23202  6.05704e-05
T_pars_est[47]      7.91772 -0.000912926
T_pars_est[48]      6.89304  -0.00290275
T_pars_est[49]      6.16619  -0.00214533
T_pars_est[50]      5.65671  -0.00163506
T_pars_est[51]      5.28908 -0.000680848
T_pars_est[52]      5.01711  -0.00120921
T_pars_est[53]      4.82528  0.000461988
T_pars_est[54]      4.72488   0.00204572
T_pars_est[55]      12.2624     0.000794
T_pars_est[56]      12.2666  -0.00197333
T_pars_est[57]      12.2889  0.000177878
T_pars_est[58]      12.3912 -0.000996627
T_pars_est[59]      13.3925 -0.000387904
T_pars_est[60]      13.6611 -0.000188978
T_pars_est[61]       13.172 -0.000146386
T_pars_est[62]      12.3372 -0.000144055
T_pars_est[63]      11.2538   0.00172005
T_pars_est[64]      10.1048   0.00179466
T_pars_est[65]      9.29541   0.00386937
T_pars_est[66]      8.78734  -0.00108689
T_pars_est[67]      8.47324 -0.000347587
T_pars_est[68]      8.36309  -0.00124124
T_pars_est[69]      8.20067 -0.000526178
T_pars_est[70]      7.92549 -0.000114035
T_pars_est[71]      7.57138   0.00102901
T_pars_est[72]      7.19819 -0.000887722
T_pars_est[73]      6.82666  -0.00191981
T_pars_est[74]      6.46912  0.000200503
T_pars_est[75]      6.21089    0.0019324
T_pars_est[76]      6.08001   0.00101958
T_pars_est[77]     -13.7967  0.000840103
T_pars_est[78]     -13.8162 -0.000291766
T_pars_est[79]     -13.8742  -0.00114322
T_pars_est[80]     -13.9225  -0.00110613
T_pars_est[81]     -13.6697  -0.00177366
T_pars_est[82]     -13.4062   0.00162287
T_pars_est[83]     -14.3274  -0.00192034
T_pars_est[84]      -15.384  -0.00094545
T_pars_est[85]     -16.3013   0.00086593
T_pars_est[86]     -16.9898   0.00288909
T_pars_est[87]     -17.4728   0.00264418
T_pars_est[88]     -17.8149   -0.0023569
T_pars_est[89]     -18.0941  -0.00337138
T_pars_est[90]     -18.3268   0.00329835
T_pars_est[91]     -18.5278   0.00118071
T_pars_est[92]     -18.7046  -0.00415546
T_pars_est[93]     -18.8613    0.0040435
log_fbar[1]      1.32217 -0.000215024
log_fbar[2]     -3.47414  0.000199547
log_fdev[1](1)     -1.72995  -0.00258611
log_fdev[1](2)     -1.81524  -0.00160192
log_fdev[1](3)     -1.16638  -0.00121564
log_fdev[1](4)    -0.827104   0.00091971
log_fdev[1](5)    -0.748816   0.00104225
log_fdev[1](6)    -0.467678 -1.43737e-06
log_fdev[1](7)    -0.533665   -0.0011015
log_fdev[1](8)    -0.611391 -0.000505678
log_fdev[1](9)     0.652851   0.00148399
log_fdev[1](10)   -0.0456176  0.000311182
log_fdev[1](11)     0.585741   0.00132789
log_fdev[1](12)     0.862834  0.000388855
log_fdev[1](13)     0.121693 -0.000266525
log_fdev[1](14)     0.581113   0.00237573
log_fdev[1](15)     0.589864   0.00297279
log_fdev[1](16)    0.0599493 -0.000814687
log_fdev[1](17)      1.18229  -0.00188415
log_fdev[1](18)    -0.347121 -0.000256749
log_fdev[1](19)    -0.433266  0.000490854
log_fdev[1](20)     0.126782 -0.000128194
log_fdev[1](21)     0.406032  5.63707e-05
log_fdev[1](22)    -0.169003  1.90023e-05
log_fdev[1](23)    -0.305891   0.00073519
log_fdev[1](24)    -0.832769 -0.000383219
log_fdev[1](25)    -0.067868  0.000621407
log_fdev[1](26)     0.265898   0.00193229
log_fdev[1](27)    0.0931078  -0.00153637
log_fdev[1](28)    -0.456849 -6.77188e-05
log_fdev[1](29)    -0.620726  6.73933e-07
log_fdev[1](30)    -0.345395   0.00101696
log_fdev[1](31)     0.132654 -0.000557528
log_fdev[1](32)     0.552749  -0.00191807
log_fdev[1](33)     0.972945  -0.00152819
log_fdev[1](34)     0.994485 -0.000551886
log_fdev[1](35)     0.505586  0.000621051
log_fdev[1](36)     0.555072  -0.00152707
log_fdev[1](37)      1.02405   0.00272901
log_fdev[1](38)      1.25903  0.000478038
log_fdev[2](1)    0.0163895  -0.00106556
log_fdev[2](2)     0.181534   0.00137446
log_fdev[2](3)  -0.00673628   0.00122231
log_fdev[2](4)    -0.215278  -0.00053881
log_fdev[2](5)     -9.20738  -0.00176476
log_fdev[2](6)      -5.1452   0.00870865
log_fdev[2](7)     -5.69022   0.00176497
log_fdev[2](8)     -1.93823  -0.00443131
log_fdev[2](9)    -0.434295   0.00283852
log_fdev[2](10)      1.94847    0.0066847
log_fdev[2](11)      1.62422  -0.00536222
log_fdev[2](12)      1.60016  0.000914773
log_fdev[2](13)      1.16096   0.00238883
log_fdev[2](14)      1.75698  -0.00161216
log_fdev[2](15)      1.52487  -0.00627074
log_fdev[2](16)     0.535671  -0.00650559
log_fdev[2](17)      1.05553   0.00342853
log_fdev[2](18)     0.371128    0.0015388
log_fdev[2](19)      0.62787  -0.00496598
log_fdev[2](20)     0.627291  0.000801583
log_fdev[2](21)     0.328809 -0.000631784
log_fdev[2](22)     0.398317  0.000555257
log_fdev[2](23)     0.457243 -0.000219524
log_fdev[2](24)    0.0691613   0.00175748
log_fdev[2](25)      0.92235  -0.00336831
log_fdev[2](26)       0.7283 -0.000106509
log_fdev[2](27)      0.14761   0.00146264
log_fdev[2](28)     0.546661   0.00487686
log_fdev[2](29)    -0.706281  -0.00418769
log_fdev[2](30)    -0.722828   0.00387328
log_fdev[2](31)    -0.105781  -0.00547863
log_fdev[2](32)     0.257052 -0.000880452
log_fdev[2](33)      1.81127  -0.00356186
log_fdev[2](34)      3.08288  0.000397953
log_fdev[2](35)    -0.559496   0.00323195
log_fdev[2](36)     0.292847     0.001473
log_fdev[2](37)      1.67744    0.0012724
log_fdev[2](38)     0.980694 -0.000242832
log_foff[1]     -7.86925 -0.000253189
log_fdov[1](1)      1.26152  0.000822254
log_fdov[1](2)      1.25724  0.000886537
log_fdov[1](3)     0.865339 -0.000142356
log_fdov[1](4)     0.772327  -0.00326024
log_fdov[1](5)      1.60405  -0.00178257
log_fdov[1](6)      1.04981   0.00191387
log_fdov[1](7)     0.276407   0.00239198
log_fdov[1](8)     0.129946   0.00125171
log_fdov[1](9)      2.24429 -0.000888225
log_fdov[1](10)      1.03878  0.000395915
log_fdov[1](11)     0.936344  -0.00234168
log_fdov[1](12)   -0.0132639 -0.000322845
log_fdov[1](13)      0.49343   0.00202199
log_fdov[1](14)     -1.18481  -0.00501342
log_fdov[1](15)     0.349408  -0.00765065
log_fdov[1](16)      0.86521   0.00109731
log_fdov[1](17)     -2.73646   0.00414659
log_fdov[1](18)    -0.972381   2.9883e-05
log_fdov[1](19)     -2.82354  -0.00177839
log_fdov[1](20)     -0.37178   0.00132184
log_fdov[1](21)     -2.77484  0.000130778
log_fdov[1](22)     -2.96256  0.000572392
log_fdov[1](23)     -2.18539 -9.14089e-05
log_fdov[1](24)     -1.33101    0.0014134
log_fdov[1](25)     -3.44096  -0.00105789
log_fdov[1](26)      -1.0289  -0.00367034
log_fdov[1](27)    -0.778759   0.00474025
log_fdov[1](28)    -0.395869   0.00050213
log_fdov[1](29)    -0.356169  7.66004e-05
log_fdov[1](30)      2.04133  -0.00311554
log_fdov[1](31)     0.193292  0.000358725
log_fdov[1](32)     0.538267   0.00243321
log_fdov[1](33)      1.14413   0.00172613
log_fdov[1](34)     0.280082   0.00107106
log_fdov[1](35)    -0.307843 -0.000256035
log_fdov[1](36)     -0.51947    0.0044479
log_fdov[1](37)     -1.59361  -0.00280237
log_fdov[1](38)      8.43641 -0.000700334
rec_dev_est(1982)    0.0207946   0.00400919
rec_dev_est(1983)     0.128989   -0.0029429
rec_dev_est(1984)      1.28195 -0.000927557
rec_dev_est(1985)      1.81732  0.000701092
rec_dev_est(1986)       1.1664 -8.13793e-05
rec_dev_est(1987)     0.210829 -0.000464183
rec_dev_est(1988)    -0.436037  -0.00125095
rec_dev_est(1989)    -0.698019  -0.00055618
rec_dev_est(1990)     0.477854  0.000596593
rec_dev_est(1991)     0.879937    0.0016895
rec_dev_est(1992)    -0.304023  0.000423796
rec_dev_est(1993)     0.056027   0.00152599
rec_dev_est(1994)    -0.274934  -0.00078107
rec_dev_est(1995)    -0.883907  -0.00138034
rec_dev_est(1996)     -1.86729  -0.00101235
rec_dev_est(1997)      -1.7546 -0.000193754
rec_dev_est(1998)    -0.628148  -0.00269089
rec_dev_est(1999)    -0.593349   0.00244208
rec_dev_est(2000)     -1.39614 -0.000209861
rec_dev_est(2001)     -0.13196  -0.00116526
rec_dev_est(2002)      1.22126  0.000882663
rec_dev_est(2003)    -0.447814   -0.0020026
rec_dev_est(2004)     0.152059 -0.000143728
rec_dev_est(2005)    -0.551831   0.00214717
rec_dev_est(2006)     -1.49057  -0.00350916
rec_dev_est(2007)    0.0695141   0.00411563
rec_dev_est(2008)      1.00005 -0.000195075
rec_dev_est(2009)    -0.626958  -0.00467699
rec_dev_est(2010)    -0.543866   0.00218514
rec_dev_est(2011)    -0.349433   0.00164809
rec_dev_est(2012)    -0.757921  -0.00442093
rec_dev_est(2013)    -0.318164  -0.00440229
rec_dev_est(2014)      1.00319   0.00135387
rec_dev_est(2015)      1.64575  0.000515763
rec_dev_est(2016)     0.810562  7.47999e-05
rec_dev_est(2017)    -0.647044  -0.00285625
rec_dev_est(2018)    -0.304807   0.00374236
rec_dev_est(2019)    -0.108093   0.00180021
logit_rec_prop_est(1982)      2.82802  0.000911596
logit_rec_prop_est(1983)      1.67734  8.99392e-05
logit_rec_prop_est(1984)     -0.20908 -8.32055e-05
logit_rec_prop_est(1985)    -0.818608  -0.00116791
logit_rec_prop_est(1986)     -3.78897  0.000701578
logit_rec_prop_est(1987)   -0.0892506 -0.000376333
logit_rec_prop_est(1988)    -0.670445  0.000399066
logit_rec_prop_est(1989)     0.909023 -0.000649564
logit_rec_prop_est(1990)      1.48517   -5.528e-05
logit_rec_prop_est(1991)      1.34398   -0.0001525
logit_rec_prop_est(1992)     -2.74275   -0.0013073
logit_rec_prop_est(1993)      -3.0779 -0.000493026
logit_rec_prop_est(1994)     -1.13667 -0.000562711
logit_rec_prop_est(1995)     -1.06033  1.19095e-05
logit_rec_prop_est(1996)       2.9855  -0.00063524
logit_rec_prop_est(1997)     0.396175  0.000923706
logit_rec_prop_est(1998)    -0.508221  0.000924296
logit_rec_prop_est(1999)     -1.06544    0.0014184
logit_rec_prop_est(2000)     -2.77087   0.00115483
logit_rec_prop_est(2001)     0.761961  0.000871104
logit_rec_prop_est(2002)     -2.00195 -7.37791e-05
logit_rec_prop_est(2003)    -0.597919  -1.9722e-05
logit_rec_prop_est(2004)      1.01766  0.000985432
logit_rec_prop_est(2005)    -0.638455  0.000336789
logit_rec_prop_est(2006)      1.58492   0.00129075
logit_rec_prop_est(2007)    -0.573705 -0.000704258
logit_rec_prop_est(2008)     -1.27944  -0.00130986
logit_rec_prop_est(2009)     -1.98412   0.00176101
logit_rec_prop_est(2010)    -0.894609 -0.000153063
logit_rec_prop_est(2011)      -2.5756  0.000318222
logit_rec_prop_est(2012)      1.00417   0.00300504
logit_rec_prop_est(2013)     0.869665 -4.57767e-05
logit_rec_prop_est(2014)     0.703579   0.00099483
logit_rec_prop_est(2015)     0.374772 -0.000174973
logit_rec_prop_est(2016)     -2.46164   0.00101803
logit_rec_prop_est(2017)      4.15964  -0.00444279
logit_rec_prop_est(2018)      4.57253  -0.00560309
logit_rec_prop_est(2019)      4.27189    0.0046374
