ParName   Value   Gradient
T_pars_est[3]      14.0005  0.000405338
T_pars_est[11]      9.55023  0.000781056
T_pars_est[12]      9.56296 -0.000100438
T_pars_est[13]      9.60576 -0.000180247
T_pars_est[14]      9.72429   -0.0047796
T_pars_est[15]      10.2193   0.00483777
T_pars_est[16]      10.8045  -0.00277131
T_pars_est[17]      11.3076    0.0075195
T_pars_est[18]      11.5401   -0.0026073
T_pars_est[19]      11.6128  -0.00128594
T_pars_est[20]      11.6285  -0.00402969
T_pars_est[21]      11.6058   -0.0018513
T_pars_est[22]      11.4122   0.00111247
T_pars_est[23]      11.1956  -0.00335306
T_pars_est[24]      11.0171  -0.00159643
T_pars_est[25]      11.0759  0.000486046
T_pars_est[26]      11.8496 -0.000337946
T_pars_est[27]      11.1143 -0.000568286
T_pars_est[28]      9.96143 -0.000486576
T_pars_est[29]      8.72281 -0.000698216
T_pars_est[30]       7.5821 -0.000227692
T_pars_est[31]      6.71449 -0.000198787
T_pars_est[32]      6.27696   0.00232034
T_pars_est[33]      13.7527  -0.00100361
T_pars_est[34]       13.778 -0.000365403
T_pars_est[35]      13.3168   0.00667581
T_pars_est[36]      13.3139  -0.00823743
T_pars_est[37]      12.7172   0.00187849
T_pars_est[38]      12.7027   0.00175284
T_pars_est[39]      12.3411 -0.000474137
T_pars_est[40]       12.029    0.0041423
T_pars_est[41]      11.8136   0.00187031
T_pars_est[42]      11.1591  -0.00243547
T_pars_est[43]      10.5081  0.000433738
T_pars_est[44]      10.3227  0.000454339
T_pars_est[45]      10.2355  -0.00169245
T_pars_est[46]      9.23203   0.00433631
T_pars_est[47]      7.91773 -0.000865116
T_pars_est[48]      6.89305   -0.0020514
T_pars_est[49]      6.16622   0.00284984
T_pars_est[50]      5.65673  -0.00551674
T_pars_est[51]      5.28911   0.00435883
T_pars_est[52]      5.01713   0.00286106
T_pars_est[53]      4.82527  -0.00631918
T_pars_est[54]      4.72487     0.003141
T_pars_est[55]      12.2625    0.0018002
T_pars_est[56]      12.2666  -0.00394986
T_pars_est[57]       12.289  0.000573449
T_pars_est[58]      12.3912   0.00571446
T_pars_est[59]      13.3925   0.00263676
T_pars_est[60]      13.6611   0.00181792
T_pars_est[61]      13.1721   0.00158389
T_pars_est[62]      12.3372   0.00194337
T_pars_est[63]      11.2538  4.67629e-05
T_pars_est[64]      10.1048  -0.00302781
T_pars_est[65]      9.29538   0.00312458
T_pars_est[66]      8.78732  -0.00276002
T_pars_est[67]      8.47326  0.000975422
T_pars_est[68]      8.36317  0.000299979
T_pars_est[69]      8.20079 -0.000204809
T_pars_est[70]      7.92563  0.000312484
T_pars_est[71]      7.57151  0.000497629
T_pars_est[72]      7.19831  -0.00161777
T_pars_est[73]      6.82677   0.00389365
T_pars_est[74]      6.46918   -0.0049317
T_pars_est[75]      6.21093  0.000450324
T_pars_est[76]      6.08004   0.00187386
T_pars_est[77]     -13.7967  -0.00025054
T_pars_est[78]     -13.8161  0.000807822
T_pars_est[79]     -13.8742 -0.000120927
T_pars_est[80]     -13.9225 -0.000786565
T_pars_est[81]     -13.6697  -0.00013949
T_pars_est[82]     -13.4062  0.000141405
T_pars_est[83]     -14.3274  0.000744265
T_pars_est[84]      -15.384   0.00215939
T_pars_est[85]     -16.3013  -0.00202165
T_pars_est[86]     -16.9898 -0.000717931
T_pars_est[87]     -17.4728 -0.000542897
T_pars_est[88]     -17.8149 -0.000488875
T_pars_est[89]      -18.094   0.00361136
T_pars_est[90]     -18.3268  -0.00306622
T_pars_est[91]     -18.5278   0.00132263
T_pars_est[92]     -18.7046 -0.000657476
T_pars_est[93]     -18.8613   0.00023985
log_fbar[1]      1.32215 -4.59009e-05
log_fbar[2]     -3.47415 -0.000173759
log_fdev[1](1)     -1.72992   0.00102149
log_fdev[1](2)     -1.81522  0.000403056
log_fdev[1](3)     -1.16637 -0.000804462
log_fdev[1](4)    -0.827091  -0.00210509
log_fdev[1](5)    -0.748801  0.000355714
log_fdev[1](6)    -0.467666  0.000492365
log_fdev[1](7)    -0.533648    0.0014118
log_fdev[1](8)    -0.611372   0.00125105
log_fdev[1](9)     0.652867 -0.000913702
log_fdev[1](10)   -0.0456016 -0.000242874
log_fdev[1](11)     0.585758  0.000739267
log_fdev[1](12)     0.862845 -0.000600789
log_fdev[1](13)      0.12171   0.00150763
log_fdev[1](14)     0.581131  1.07727e-05
log_fdev[1](15)     0.589876  0.000788304
log_fdev[1](16)    0.0599668  0.000872538
log_fdev[1](17)      1.18229  -0.00012263
log_fdev[1](18)    -0.347137   0.00152399
log_fdev[1](19)    -0.433201  1.12741e-05
log_fdev[1](20)      0.12682 -0.000481017
log_fdev[1](21)     0.405931  -0.00104415
log_fdev[1](22)    -0.168788 -2.38216e-06
log_fdev[1](23)    -0.306289  0.000386163
log_fdev[1](24)    -0.833132  5.89375e-05
log_fdev[1](25)   -0.0674913  0.000505797
log_fdev[1](26)     0.266119   0.00028424
log_fdev[1](27)    0.0929152 -0.000831488
log_fdev[1](28)    -0.456898  0.000755341
log_fdev[1](29)    -0.620752  -1.9375e-05
log_fdev[1](30)    -0.345401  -0.00070877
log_fdev[1](31)     0.132701 -2.01232e-05
log_fdev[1](32)     0.552794 -0.000436651
log_fdev[1](33)     0.972917  -0.00171038
log_fdev[1](34)     0.994484 -0.000274638
log_fdev[1](35)      0.50567  6.73735e-06
log_fdev[1](36)     0.554848  -9.0425e-05
log_fdev[1](37)      1.02413 -0.000937837
log_fdev[1](38)      1.25901   6.0416e-05
log_fdev[2](1)    0.0164025  -0.00195658
log_fdev[2](2)      0.18154 -0.000869373
log_fdev[2](3)  -0.00672777 -0.000210208
log_fdev[2](4)    -0.215262     0.002184
log_fdev[2](5)     -9.20736 -1.24956e-05
log_fdev[2](6)     -5.14522 -0.000493219
log_fdev[2](7)     -5.69021 -0.000445973
log_fdev[2](8)      -1.9382 -0.000705643
log_fdev[2](9)     -0.43428  -0.00148359
log_fdev[2](10)      1.94848  0.000986313
log_fdev[2](11)      1.62424   0.00122462
log_fdev[2](12)      1.60017   0.00353584
log_fdev[2](13)      1.16098  7.34195e-05
log_fdev[2](14)        1.757  -0.00302938
log_fdev[2](15)      1.52489  0.000767554
log_fdev[2](16)     0.535698   0.00581236
log_fdev[2](17)      1.05554 -4.61988e-05
log_fdev[2](18)     0.371125  -0.00216668
log_fdev[2](19)     0.627942   -0.0024477
log_fdev[2](20)     0.627348   0.00146489
log_fdev[2](21)      0.32879  -0.00402749
log_fdev[2](22)     0.398548   0.00194909
log_fdev[2](23)     0.456826   0.00202614
log_fdev[2](24)    0.0686332  -0.00254509
log_fdev[2](25)     0.922736   0.00332624
log_fdev[2](26)     0.728586   0.00295184
log_fdev[2](27)     0.147369  -0.00236547
log_fdev[2](28)     0.546576 -0.000564388
log_fdev[2](29)     -0.70629   0.00378348
log_fdev[2](30)    -0.722836  -0.00812856
log_fdev[2](31)    -0.105716   0.00349904
log_fdev[2](32)     0.257089  0.000670801
log_fdev[2](33)      1.81125   -0.0011614
log_fdev[2](34)      3.08291   0.00196012
log_fdev[2](35)    -0.559439  -0.00230166
log_fdev[2](36)     0.292718 -0.000624418
log_fdev[2](37)      1.67749 -0.000306753
log_fdev[2](38)     0.980655  0.000615833
log_foff[1]     -7.86893 -8.87781e-05
log_fdov[1](1)      1.26117  -0.00150527
log_fdov[1](2)       1.2569 -0.000737801
log_fdov[1](3)     0.864998  0.000928727
log_fdov[1](4)     0.771992     0.002687
log_fdov[1](5)      1.60371 -0.000115362
log_fdov[1](6)      1.04946  -0.00186301
log_fdov[1](7)     0.276063  -0.00244173
log_fdov[1](8)     0.129628  -0.00182201
log_fdov[1](9)      2.24399   0.00168975
log_fdov[1](10)      1.03847  0.000639058
log_fdov[1](11)     0.936032  -0.00080042
log_fdov[1](12)    -0.013581   0.00221697
log_fdov[1](13)     0.493084  -0.00274774
log_fdov[1](14)     -1.18517   0.00106504
log_fdov[1](15)     0.349094 -0.000905708
log_fdov[1](16)     0.864904  -0.00134465
log_fdov[1](17)     -2.73673  -4.2614e-05
log_fdov[1](18)    -0.972592  -0.00254615
log_fdov[1](19)      -2.8238  -0.00118259
log_fdov[1](20)    -0.371522   0.00039571
log_fdov[1](21)     -2.77377   0.00190651
log_fdov[1](22)     -2.96178 -0.000313186
log_fdov[1](23)     -2.18461 -0.000472681
log_fdov[1](24)        -1.33  0.000365268
log_fdov[1](25)     -3.44057  0.000171025
log_fdov[1](26)     -1.02848   0.00016061
log_fdov[1](27)    -0.778047   0.00222774
log_fdov[1](28)     -0.39538  -0.00104678
log_fdov[1](29)    -0.355804  -0.00064332
log_fdov[1](30)      2.04141   0.00182004
log_fdov[1](31)     0.193141 -0.000330853
log_fdov[1](32)     0.538095  0.000637055
log_fdov[1](33)      1.14412    0.0029794
log_fdov[1](34)     0.280143  0.000521518
log_fdov[1](35)    -0.307872 -0.000432049
log_fdov[1](36)    -0.519278 -9.22975e-05
log_fdov[1](37)     -1.59379   0.00176589
log_fdov[1](38)      8.43636 -0.000135664
rec_dev_est(1982)    0.0209695  -0.00112765
rec_dev_est(1983)     0.129213 -0.000345239
rec_dev_est(1984)      1.28218   0.00209156
rec_dev_est(1985)      1.81753 -0.000903552
rec_dev_est(1986)      1.16651 -0.000189714
rec_dev_est(1987)     0.211102   0.00120864
rec_dev_est(1988)    -0.435799 -0.000348838
rec_dev_est(1989)    -0.697749  -0.00414859
rec_dev_est(1990)     0.478117   0.00121218
rec_dev_est(1991)     0.880181  -0.00055028
rec_dev_est(1992)     -0.30383  -0.00119078
rec_dev_est(1993)    0.0560721   0.00161987
rec_dev_est(1994)    -0.274653   0.00143992
rec_dev_est(1995)    -0.884341 -0.000533274
rec_dev_est(1996)     -1.86584  0.000282163
rec_dev_est(1997)     -1.75703  0.000454616
rec_dev_est(1998)    -0.630685 -0.000465004
rec_dev_est(1999)    -0.595154  0.000165743
rec_dev_est(2000)     -1.39486   0.00121326
rec_dev_est(2001)    -0.130814 -4.19001e-05
rec_dev_est(2002)      1.22023 -0.000256141
rec_dev_est(2003)    -0.447708  0.000831884
rec_dev_est(2004)      0.15255  -1.3768e-05
rec_dev_est(2005)    -0.551887   0.00180889
rec_dev_est(2006)     -1.49017 -0.000296442
rec_dev_est(2007)    0.0695641 -8.89085e-06
rec_dev_est(2008)      1.00036  0.000318502
rec_dev_est(2009)    -0.626303  -0.00102591
rec_dev_est(2010)     -0.54459  3.95418e-06
rec_dev_est(2011)    -0.349546 -0.000159136
rec_dev_est(2012)    -0.758583    0.0008731
rec_dev_est(2013)    -0.317797 -0.000340545
rec_dev_est(2014)      1.00345  5.04356e-05
rec_dev_est(2015)      1.64597 -0.000345088
rec_dev_est(2016)     0.810687 -0.000207498
rec_dev_est(2017)    -0.646875 -0.000919044
rec_dev_est(2018)    -0.304749  3.95769e-05
rec_dev_est(2019)    -0.108108 -2.93749e-05
