ParName   Value   Gradient
T_pars_est[3]      13.9746  0.000346674
log_fbar[1]     0.197549 -0.000149516
log_fbar[2]     -4.57967  2.19346e-05
log_fdev[1](1)     -1.55444 -0.000160134
log_fdev[1](2)     -1.84157 -9.55802e-05
log_fdev[1](3)     -1.21645 -4.50129e-05
log_fdev[1](4)    -0.873599 -4.39411e-05
log_fdev[1](5)    -0.746249  2.07767e-05
log_fdev[1](6)    -0.334993  1.84506e-06
log_fdev[1](7)    -0.329332 -1.25111e-05
log_fdev[1](8)    -0.385249  -4.1467e-05
log_fdev[1](9)     0.630076 -3.63938e-05
log_fdev[1](10)     0.233609  -5.5676e-05
log_fdev[1](11)     0.688267 -5.50512e-05
log_fdev[1](12)     0.876382 -0.000103593
log_fdev[1](13)     0.270947  1.04986e-05
log_fdev[1](14)     0.582261  5.83041e-05
log_fdev[1](15)     0.569776  1.88329e-07
log_fdev[1](16)     0.340615 -5.92755e-05
log_fdev[1](17)      1.17541  4.36933e-05
log_fdev[1](18)    -0.320693 -3.62473e-05
log_fdev[1](19)    -0.406986  9.12019e-06
log_fdev[1](20)     0.180798  4.23277e-05
log_fdev[1](21)     0.310593 -9.89461e-06
log_fdev[1](22)    -0.291425 -0.000103752
log_fdev[1](23)    -0.442949 -0.000116498
log_fdev[1](24)    -0.740965   0.00013181
log_fdev[1](25)    -0.217393  0.000213444
log_fdev[1](26)     0.146007  3.34922e-05
log_fdev[1](27)    -0.118498 -7.11219e-05
log_fdev[1](28)    -0.612904 -4.32253e-06
log_fdev[1](29)    -0.594789  4.00162e-05
log_fdev[1](30)    -0.150127  7.77413e-06
log_fdev[1](31)     0.248396 -5.46464e-05
log_fdev[1](32)     0.616741  4.20242e-05
log_fdev[1](33)      1.04112  3.76401e-05
log_fdev[1](34)      1.00887  6.42359e-05
log_fdev[1](35)     0.578913  3.05895e-05
log_fdev[1](36)     0.601702  -3.8339e-05
log_fdev[1](37)      1.06872 -0.000284249
log_fdev[1](38)     0.742539  7.98216e-06
log_fdev[1](39)      1.23529 -1.85104e-05
log_fdev[1](40)    -0.576558 -0.000455813
log_fdev[1](41)     -0.88166  0.000547036
log_fdev[1](42)    -0.510203  0.000284319
log_fdev[2](1)    0.0427404  -2.3602e-05
log_fdev[2](2)   0.00569824  2.58861e-07
log_fdev[2](3)    -0.213724  1.57116e-05
log_fdev[2](4)    -0.423261  -8.1369e-06
log_fdev[2](5)     -9.38378  1.15026e-05
log_fdev[2](6)     -5.18857  1.35617e-05
log_fdev[2](7)     -5.64313 -8.29748e-06
log_fdev[2](8)     -1.86733 -7.94349e-06
log_fdev[2](9)    -0.553915  5.51413e-06
log_fdev[2](10)      2.02303  4.40572e-06
log_fdev[2](11)      1.57728 -1.36389e-05
log_fdev[2](12)      1.48468 -2.60929e-06
log_fdev[2](13)      1.12931  1.91128e-05
log_fdev[2](14)      1.64809  1.66583e-05
log_fdev[2](15)      1.42211  1.08467e-05
log_fdev[2](16)     0.598844  2.29109e-05
log_fdev[2](17)     0.895848   1.9491e-05
log_fdev[2](18)      0.27932 -1.18076e-05
log_fdev[2](19)     0.489838 -1.83242e-05
log_fdev[2](20)     0.496966  -6.2114e-06
log_fdev[2](21)      0.12489 -8.37553e-06
log_fdev[2](22)     0.153188 -2.21431e-05
log_fdev[2](23)     0.187138  3.71844e-06
log_fdev[2](24)   -0.0297953  1.54579e-06
log_fdev[2](25)     0.651511 -5.65673e-06
log_fdev[2](26)     0.441311 -5.03608e-06
log_fdev[2](27)    -0.185073  7.38897e-06
log_fdev[2](28)     0.263613  -4.5861e-07
log_fdev[2](29)    -0.840817  4.56489e-07
log_fdev[2](30)    -0.725052  8.69724e-06
log_fdev[2](31)    -0.183157 -3.30291e-06
log_fdev[2](32)     0.199915  4.75924e-06
log_fdev[2](33)      1.75324  1.01361e-05
log_fdev[2](34)      2.99687  1.15347e-05
log_fdev[2](35)    -0.620947  -6.8073e-06
log_fdev[2](36)      0.27292 -7.01655e-06
log_fdev[2](37)      1.60299 -1.69956e-05
log_fdev[2](38)     0.723674 -5.16695e-06
log_fdev[2](39)      1.19675 -2.88299e-05
log_fdev[2](40)     0.837968 -1.71941e-05
log_fdev[2](41)   -0.0838672 -2.55956e-05
log_fdev[2](42)     0.575168  -3.4963e-06
log_fdev[2](43)     0.440718  3.58384e-05
log_fdev[2](44)       1.4268  4.91376e-05
log_foff[1]      -7.3585  9.51382e-05
log_fdov[1](1)      1.59888  5.88365e-05
log_fdov[1](2)      1.79852  1.20708e-05
log_fdov[1](3)      1.43199 -6.41515e-05
log_fdov[1](4)      1.31066 -8.67436e-06
log_fdov[1](5)      2.03345  1.85053e-05
log_fdov[1](6)      1.39507 -3.52426e-05
log_fdov[1](7)     0.757021  -1.2177e-06
log_fdov[1](8)     0.752984  1.87783e-05
log_fdov[1](9)      3.15678 -3.75328e-06
log_fdov[1](10)      1.61258 -2.72557e-05
log_fdov[1](11)      1.63503 -3.13861e-05
log_fdov[1](12)     0.661078 -4.79725e-05
log_fdov[1](13)     0.766004 -2.37314e-05
log_fdov[1](14)    -0.902142 -2.62876e-06
log_fdov[1](15)     0.767112  1.29037e-05
log_fdov[1](16)      1.10655 -1.81207e-05
log_fdov[1](17)     -2.16685  6.18325e-06
log_fdov[1](18)    -0.431487 -1.43344e-05
log_fdov[1](19)     -2.28689 -3.72724e-06
log_fdov[1](20)     0.142942  8.28465e-06
log_fdov[1](21)      -2.1196  1.56878e-05
log_fdov[1](22)     -2.30959 -2.44673e-05
log_fdov[1](23)     -1.57581 -4.60215e-05
log_fdov[1](24)    -0.830208  4.22183e-05
log_fdov[1](25)     -2.64673  6.66153e-05
log_fdov[1](26)    -0.280105  2.65167e-05
log_fdov[1](27)    0.0615028   1.4928e-05
log_fdov[1](28)     0.404945  2.27183e-05
log_fdov[1](29)     0.272101  1.64398e-05
log_fdov[1](30)      2.46633   -5.283e-06
log_fdov[1](31)     0.650985 -3.06105e-05
log_fdov[1](32)      1.03749  1.88595e-05
log_fdov[1](33)      1.67766  8.91875e-06
log_fdov[1](34)     0.906031 -6.10778e-06
log_fdov[1](35)     0.272203  2.06801e-05
log_fdov[1](36)    0.0690891 -5.79803e-06
log_fdov[1](37)     -1.03922 -1.53151e-05
log_fdov[1](38)    -0.124855  2.41343e-05
log_fdov[1](39)     -3.53473  3.00463e-05
log_fdov[1](40)     -4.42826 -4.20609e-05
log_fdov[1](41)     -5.17459   4.8342e-05
log_fdov[1](42)      1.10608 -1.56242e-05
rec_dev_est(1982)     0.739837 -9.16535e-05
rec_dev_est(1983)     0.161694 -1.15099e-05
rec_dev_est(1984)      1.39324 -5.88984e-05
rec_dev_est(1985)       1.5492 -9.83484e-07
rec_dev_est(1986)     0.397319 -1.24313e-05
rec_dev_est(1987)     0.374883  5.81194e-05
rec_dev_est(1988)    -0.294659  3.96045e-05
rec_dev_est(1989)     -0.47003  1.99844e-05
rec_dev_est(1990)      1.02615  4.51249e-05
rec_dev_est(1991)      1.36859  0.000148346
rec_dev_est(1992)    -0.651499  2.81368e-05
rec_dev_est(1993)    -0.590418   6.6324e-06
rec_dev_est(1994)    -0.523716  5.91062e-06
rec_dev_est(1995)     -1.04506 -3.25469e-05
rec_dev_est(1996)     -1.38309 -9.20732e-05
rec_dev_est(1997)     -1.29408 -6.19855e-05
rec_dev_est(1998)    -0.517458  0.000207411
rec_dev_est(1999)    -0.533712   2.5989e-05
rec_dev_est(2000)     -1.23111  1.55185e-05
rec_dev_est(2001)     0.183951  0.000126664
rec_dev_est(2002)      1.03201  9.19244e-05
rec_dev_est(2003)    -0.103427  9.32882e-05
rec_dev_est(2004)     0.278589  0.000161984
rec_dev_est(2005)    -0.936355  3.20516e-05
rec_dev_est(2006)     -1.53971  3.67577e-06
rec_dev_est(2007)    0.0139394  -8.4451e-05
rec_dev_est(2008)     0.993295 -6.27394e-05
rec_dev_est(2009)    -0.547142 -2.22788e-05
rec_dev_est(2010)    -0.692673 -0.000217897
rec_dev_est(2011)    -0.678926 -9.12987e-05
rec_dev_est(2012)    -0.872767 -0.000259277
rec_dev_est(2013)    -0.780527 -0.000198266
rec_dev_est(2014)      1.29779 -0.000492901
rec_dev_est(2015)      1.35671  0.000157421
rec_dev_est(2016)      1.66452  9.43596e-05
rec_dev_est(2017)     -0.71908    0.0001388
rec_dev_est(2018)     -1.67122  0.000107388
rec_dev_est(2019)     -1.19915  5.31786e-05
rec_dev_est(2020)     0.107962  0.000334678
rec_dev_est(2021)     0.494431  6.34144e-05
rec_dev_est(2022)      1.51461 -7.85733e-06
rec_dev_est(2023)    -0.292683  1.08247e-05
rec_dev_est(2024)    -0.794649  3.57341e-06
rec_dev_est(2025)    -0.264611 -9.04603e-07
