ParName   Value   Gradient
T_pars_est[3]      13.9533 -0.000279946
T_pars_est[11]       9.7804 -0.000853399
T_pars_est[12]      9.79414   0.00125971
T_pars_est[13]       9.8401   0.00024262
T_pars_est[14]      9.96334    0.0008021
T_pars_est[15]      10.3935 -0.000403565
T_pars_est[16]      10.9281 -0.000128038
T_pars_est[17]      11.3611  -0.00201447
T_pars_est[18]      11.5469   0.00812582
T_pars_est[19]      11.5897  -0.00243194
T_pars_est[20]      11.5678 -0.000793398
T_pars_est[21]      11.4934  -0.00534869
T_pars_est[22]       11.234  0.000115886
T_pars_est[23]      10.9345  -0.00464005
T_pars_est[24]      10.7033   0.00502729
T_pars_est[25]      10.8108  4.14695e-05
T_pars_est[26]      11.8992  2.98419e-05
T_pars_est[27]      11.3166 -6.56049e-05
T_pars_est[28]      10.2891  -0.00049506
T_pars_est[29]      9.20593 -0.000814348
T_pars_est[30]      8.17701   -0.0052235
T_pars_est[31]      7.34379  -0.00185742
T_pars_est[32]      6.93396   -0.0011081
T_pars_est[33]      12.2079   0.00178259
T_pars_est[34]      12.3783    0.0026577
T_pars_est[35]      13.2306  -0.00141183
T_pars_est[36]      13.7131 -0.000496473
T_pars_est[37]      12.9631  -0.00250368
T_pars_est[38]      13.0072   0.00223823
T_pars_est[39]      12.6865  -0.00223292
T_pars_est[40]       12.414   0.00575504
T_pars_est[41]      12.3173 -0.000572196
T_pars_est[42]      11.7591  -0.00465006
T_pars_est[43]      11.1054   0.00250801
T_pars_est[44]      10.9904  -0.00123149
T_pars_est[45]      11.0618   0.00510724
T_pars_est[46]      10.0899   0.00130003
T_pars_est[47]       8.7375  -0.00303733
T_pars_est[48]      7.70358  -0.00101747
T_pars_est[49]       6.9609  0.000522826
T_pars_est[50]       6.4386  0.000753876
T_pars_est[51]       6.0572 -0.000993633
T_pars_est[52]      5.77414 -0.000266296
T_pars_est[53]      5.57678   0.00288612
T_pars_est[54]      5.47411  -0.00292069
T_pars_est[55]      12.0439   -0.0002418
T_pars_est[56]      12.0529  8.89236e-05
T_pars_est[57]      12.0875   0.00124229
T_pars_est[58]      12.1844  -0.00220318
T_pars_est[59]      13.2598  -0.00118534
T_pars_est[60]      13.6076 -0.000790981
T_pars_est[61]       13.174  -0.00089731
T_pars_est[62]      12.3328  -0.00128992
T_pars_est[63]      11.2441  -0.00322003
T_pars_est[64]      10.1166   0.00178099
T_pars_est[65]      9.32757   0.00423199
T_pars_est[66]      8.83794 -0.000211918
T_pars_est[67]      8.55746  0.000395374
T_pars_est[68]      8.47077 -0.000977579
T_pars_est[69]      8.33811  0.000763335
T_pars_est[70]      8.11538   0.00138782
T_pars_est[71]      7.83203   0.00185495
T_pars_est[72]      7.54592 -0.000418149
T_pars_est[73]      7.25533  -0.00319511
T_pars_est[74]      6.98644  0.000477446
T_pars_est[75]      6.81186   0.00284378
T_pars_est[76]      6.73714 -0.000762377
T_pars_est[77]     -13.8756  -0.00128718
T_pars_est[78]     -13.9178  -0.00017665
T_pars_est[79]     -14.0143   0.00107924
T_pars_est[80]     -14.1123   0.00136486
T_pars_est[81]     -13.8074   0.00115004
T_pars_est[82]     -13.4744   0.00107877
T_pars_est[83]     -14.3404   0.00108681
T_pars_est[84]     -15.3841  0.000982765
T_pars_est[85]     -16.2965 -0.000355057
T_pars_est[86]     -16.9826  -0.00245584
T_pars_est[87]     -17.4667  -0.00214621
T_pars_est[88]     -17.8104   0.00146149
T_pars_est[89]     -18.0908   0.00144783
T_pars_est[90]     -18.3245  -0.00250228
T_pars_est[91]     -18.5262  0.000730601
T_pars_est[92]     -18.7037  0.000433209
T_pars_est[93]     -18.8609 -0.000210616
log_fbar[1]     0.183861 -9.98265e-05
log_fbar[2]     -4.58404 -0.000166844
log_fdev[1](1)     -1.54811  0.000715425
log_fdev[1](2)     -1.83788  -0.00135983
log_fdev[1](3)     -1.21306 -0.000487894
log_fdev[1](4)    -0.870441 -0.000909426
log_fdev[1](5)    -0.743463  0.000352606
log_fdev[1](6)    -0.333566 -3.12814e-05
log_fdev[1](7)    -0.328023  0.000308525
log_fdev[1](8)     -0.38311  0.000545213
log_fdev[1](9)     0.630658 -0.000795213
log_fdev[1](10)     0.238043  5.70166e-06
log_fdev[1](11)     0.691788  0.000339524
log_fdev[1](12)     0.878462  0.000971951
log_fdev[1](13)     0.275114   4.2595e-05
log_fdev[1](14)     0.583722  0.000513938
log_fdev[1](15)     0.570103  0.000751166
log_fdev[1](16)     0.345265  0.000223551
log_fdev[1](17)      1.17956 -0.000481662
log_fdev[1](18)    -0.316167  3.91625e-05
log_fdev[1](19)    -0.403078  0.000217815
log_fdev[1](20)     0.183818  -0.00070808
log_fdev[1](21)     0.309999  0.000174312
log_fdev[1](22)    -0.295652  0.000914967
log_fdev[1](23)    -0.450899  0.000170718
log_fdev[1](24)    -0.757976 -0.000395851
log_fdev[1](25)    -0.228244 -0.000484964
log_fdev[1](26)     0.143182 -0.000697267
log_fdev[1](27)     -0.11966  0.000221188
log_fdev[1](28)    -0.612666  0.000356822
log_fdev[1](29)    -0.592522  0.000199909
log_fdev[1](30)    -0.145982  0.000118512
log_fdev[1](31)     0.251411  0.000249729
log_fdev[1](32)     0.618668 -0.000508146
log_fdev[1](33)       1.0433  9.87932e-05
log_fdev[1](34)      1.01045 -5.42216e-06
log_fdev[1](35)     0.580095 -0.000626588
log_fdev[1](36)     0.594595  0.000148908
log_fdev[1](37)      1.07856 -0.000208002
log_fdev[1](38)     0.798136 -0.000334873
log_fdev[1](39)      1.26512 -1.65982e-05
log_fdev[1](40)    -0.580807  0.000142061
log_fdev[1](41)    -0.925951  4.98319e-05
log_fdev[1](42)    -0.582787 -0.000356345
log_fdev[2](1)    0.0364341 -0.000834971
log_fdev[2](2)  -0.00259377  -0.00108801
log_fdev[2](3)    -0.221905  -0.00122941
log_fdev[2](4)    -0.431618  -0.00101109
log_fdev[2](5)      -9.3928  0.000187187
log_fdev[2](6)      -5.1987 -0.000840986
log_fdev[2](7)     -5.65333   0.00114985
log_fdev[2](8)      -1.8768  0.000692236
log_fdev[2](9)    -0.564356  -0.00018076
log_fdev[2](10)       2.0155 -0.000937373
log_fdev[2](11)      1.56907   0.00082057
log_fdev[2](12)      1.47518   0.00134669
log_fdev[2](13)      1.12134  0.000899706
log_fdev[2](14)      1.63817 -0.000202092
log_fdev[2](15)      1.41204  0.000537184
log_fdev[2](16)     0.591696  0.000835366
log_fdev[2](17)     0.888005   0.00086782
log_fdev[2](18)      0.27259 -0.000218319
log_fdev[2](19)     0.481978 -0.000195597
log_fdev[2](20)     0.487723 -0.000990051
log_fdev[2](21)     0.112676 -0.000110856
log_fdev[2](22)     0.137991    0.0010528
log_fdev[2](23)     0.168632  0.000496571
log_fdev[2](24)   -0.0123564   0.00124683
log_fdev[2](25)      0.67564 -0.000112986
log_fdev[2](26)     0.438744  -0.00326507
log_fdev[2](27)    -0.197305   0.00218839
log_fdev[2](28)     0.252582  -0.00193376
log_fdev[2](29)    -0.850164 -0.000236687
log_fdev[2](30)    -0.732989   0.00023418
log_fdev[2](31)    -0.192376  -0.00131015
log_fdev[2](32)     0.194629   0.00297102
log_fdev[2](33)      1.74432  -0.00125361
log_fdev[2](34)      2.98838 -0.000563345
log_fdev[2](35)    -0.631764  0.000360317
log_fdev[2](36)     0.366234     0.001001
log_fdev[2](37)      1.62908  0.000499874
log_fdev[2](38)     0.754201  -0.00189034
log_fdev[2](39)      1.21488  0.000912666
log_fdev[2](40)     0.859901  -0.00130511
log_fdev[2](41)    -0.106806  0.000103639
log_fdev[2](42)     0.546035   0.00127613
log_fdev[2](43)     0.483311  0.000127357
log_fdev[2](44)       1.5089 -0.000281472
log_foff[1]     -7.35796  0.000203561
log_fdov[1](1)      1.59777 -0.000731467
log_fdov[1](2)      1.80013   0.00264318
log_fdov[1](3)       1.4338  0.000821005
log_fdov[1](4)      1.29709   0.00187003
log_fdov[1](5)      1.98117  -0.00127244
log_fdov[1](6)      1.44613   0.00185824
log_fdov[1](7)     0.792841  -0.00157056
log_fdov[1](8)     0.747101  -0.00267608
log_fdov[1](9)      3.14408   0.00113425
log_fdov[1](10)      1.59927   4.6162e-06
log_fdov[1](11)      1.62466 -0.000932023
log_fdov[1](12)     0.655618  -0.00188798
log_fdov[1](13)     0.765092 -0.000130901
log_fdov[1](14)    -0.899394  -0.00109126
log_fdov[1](15)     0.768964  -0.00143176
log_fdov[1](16)      1.10282 -0.000688206
log_fdov[1](17)     -2.17082   0.00166166
log_fdov[1](18)    -0.436287 -0.000155641
log_fdov[1](19)     -2.29123 -0.000460653
log_fdov[1](20)     0.139299   0.00186569
log_fdov[1](21)     -2.12023  7.86656e-05
log_fdov[1](22)     -2.30745  -0.00156024
log_fdov[1](23)     -1.57008  0.000822562
log_fdov[1](24)    -0.811705    0.0021025
log_fdov[1](25)     -2.63484   0.00138768
log_fdov[1](26)    -0.276612   0.00110105
log_fdov[1](27)    0.0622906 -0.000982598
log_fdov[1](28)      0.40307  -0.00151113
log_fdov[1](29)     0.268506 -0.000895474
log_fdov[1](30)      2.46405  -0.00128342
log_fdov[1](31)     0.649112 -0.000897878
log_fdov[1](32)      1.03545   0.00117214
log_fdov[1](33)      1.67465 -0.000546312
log_fdov[1](34)     0.902959 -0.000149098
log_fdov[1](35)      0.26918   0.00157271
log_fdov[1](36)    0.0740372  -0.00028171
log_fdov[1](37)     -1.04629  0.000419279
log_fdov[1](38)    -0.180489  0.000634093
log_fdov[1](39)     -3.56732 -1.92099e-05
log_fdov[1](40)     -4.42643 -0.000117402
log_fdov[1](41)     -5.13435 -0.000225756
log_fdov[1](42)      1.17441  0.000342446
rec_dev_est(1982)     0.757556 -0.000372008
rec_dev_est(1983)     0.200325   0.00106424
rec_dev_est(1984)       1.3021 -0.000647484
rec_dev_est(1985)      1.59198   0.00229007
rec_dev_est(1986)     0.436361  -0.00361395
rec_dev_est(1987)     0.340064 -0.000137301
rec_dev_est(1988)    -0.297484  0.000591657
rec_dev_est(1989)    -0.483415 -5.75248e-05
rec_dev_est(1990)      1.02401  8.89187e-05
rec_dev_est(1991)      1.35308  0.000623598
rec_dev_est(1992)    -0.640825  -0.00242568
rec_dev_est(1993)    -0.587913   0.00112428
rec_dev_est(1994)    -0.528185  -0.00173538
rec_dev_est(1995)     -1.05271  0.000677072
rec_dev_est(1996)     -1.38264  -0.00192075
rec_dev_est(1997)     -1.29045 -0.000481255
rec_dev_est(1998)    -0.510702 -0.000197586
rec_dev_est(1999)    -0.537224  0.000588191
rec_dev_est(2000)     -1.23676 -0.000207336
rec_dev_est(2001)     0.180949  9.82043e-05
rec_dev_est(2002)      1.02548 -0.000902611
rec_dev_est(2003)    -0.110521   0.00226208
rec_dev_est(2004)     0.272704   0.00167136
rec_dev_est(2005)    -0.937493  -0.00217715
rec_dev_est(2006)     -1.54273     0.002972
rec_dev_est(2007)    0.0120875  0.000851505
rec_dev_est(2008)     0.985173  9.05474e-05
rec_dev_est(2009)    -0.556293  0.000720032
rec_dev_est(2010)    -0.694621  -0.00144978
rec_dev_est(2011)    -0.678288 -0.000484258
rec_dev_est(2012)    -0.873545  0.000970059
rec_dev_est(2013)    -0.779417  -0.00073538
rec_dev_est(2014)      1.28666  0.000238605
rec_dev_est(2015)      1.35608   0.00013256
rec_dev_est(2016)      1.66504 -0.000771439
rec_dev_est(2017)    -0.722206 -0.000308423
rec_dev_est(2018)     -1.65769 -0.000332122
rec_dev_est(2019)     -1.18894  0.000626375
rec_dev_est(2020)     0.139722  0.000603121
rec_dev_est(2021)     0.488102  -0.00035882
rec_dev_est(2022)      1.52511    0.0003664
rec_dev_est(2023)    -0.288298  0.000900121
rec_dev_est(2024)    -0.786056  -0.00016286
rec_dev_est(2025)    -0.257483 -0.000692876
logit_rec_prop_est(1982)      2.61004 -3.32187e-05
logit_rec_prop_est(1983)      1.14243  0.000173666
logit_rec_prop_est(1984)     0.363705  0.000141948
logit_rec_prop_est(1985)    -0.265056 -0.000378893
logit_rec_prop_est(1986)     -2.30311  0.000185353
logit_rec_prop_est(1987)   -0.0264475 -1.70454e-05
logit_rec_prop_est(1988)    -0.148592  0.000239233
logit_rec_prop_est(1989)   -0.0364053 -0.000133101
logit_rec_prop_est(1990)     0.997229 -0.000109979
logit_rec_prop_est(1991)     0.160809 -0.000196675
logit_rec_prop_est(1992)    -0.933628  0.000130896
logit_rec_prop_est(1993)      -0.4771 -0.000253677
logit_rec_prop_est(1994)     -1.28301  0.000123485
logit_rec_prop_est(1995)    -0.700068   0.00032159
logit_rec_prop_est(1996)      1.81367   0.00046756
logit_rec_prop_est(1997)      1.19638   6.5336e-05
logit_rec_prop_est(1998)      0.12686  6.06493e-05
logit_rec_prop_est(1999)    -0.900656  3.71711e-05
logit_rec_prop_est(2000)     -1.78625  8.94052e-05
logit_rec_prop_est(2001)      0.63603  0.000277523
logit_rec_prop_est(2002)     -1.17734  0.000224099
logit_rec_prop_est(2003)     0.549537 -0.000708979
logit_rec_prop_est(2004)     0.889646 -0.000271685
logit_rec_prop_est(2005)     0.114741  2.47157e-05
logit_rec_prop_est(2006)     0.977142 -0.000451015
logit_rec_prop_est(2007)    -0.121163 -7.84065e-05
logit_rec_prop_est(2008)     -1.02005 -1.68687e-05
logit_rec_prop_est(2009)     -1.47664  0.000146759
logit_rec_prop_est(2010)    -0.457859  0.000306054
logit_rec_prop_est(2011)     -1.20522 -0.000216222
logit_rec_prop_est(2012)      1.49042  2.04918e-05
logit_rec_prop_est(2013)      0.40128  1.68009e-05
logit_rec_prop_est(2014)      1.21714   1.0759e-05
logit_rec_prop_est(2015)    -0.740445 -2.73784e-06
logit_rec_prop_est(2016)     -3.08584  0.000135821
logit_rec_prop_est(2017)     -1.84182  0.000218392
logit_rec_prop_est(2018)      2.34089  9.38757e-05
logit_rec_prop_est(2019)     -2.13759  6.36715e-05
logit_rec_prop_est(2020)     0.758089  6.19478e-05
logit_rec_prop_est(2021)     0.669691 -3.10864e-05
logit_rec_prop_est(2022)    -0.219349  0.000102374
logit_rec_prop_est(2023)      1.74328 -6.10024e-05
logit_rec_prop_est(2024)      1.91341  3.65066e-05
logit_rec_prop_est(2025)     0.231207 -0.000124716
