ParName   Value   Gradient
T_pars_est[3]      13.9533  3.07796e-05
T_pars_est[11]      9.78047  0.000208699
T_pars_est[12]      9.79421 -0.000646742
T_pars_est[13]      9.84017  0.000138973
T_pars_est[14]       9.9634 -0.000178442
T_pars_est[15]      10.3936   0.00136758
T_pars_est[16]      10.9281  0.000219716
T_pars_est[17]      11.3611 -0.000629967
T_pars_est[18]      11.5469  -0.00115702
T_pars_est[19]      11.5898   0.00311192
T_pars_est[20]      11.5679  -0.00544304
T_pars_est[21]      11.4935   0.00198133
T_pars_est[22]      11.2341 -4.77784e-06
T_pars_est[23]      10.9346   0.00034399
T_pars_est[24]      10.7034  -0.00129255
T_pars_est[25]      10.8108  3.76104e-05
T_pars_est[26]      11.8991  0.000112767
T_pars_est[27]      11.3165  0.000283816
T_pars_est[28]      10.2891  7.12585e-05
T_pars_est[29]      9.20593 -0.000228546
T_pars_est[30]      8.17701    0.0002222
T_pars_est[31]      7.34377  -0.00025516
T_pars_est[32]      6.93394  1.71762e-05
T_pars_est[33]      12.2079   0.00134233
T_pars_est[34]      12.3783  -0.00348656
T_pars_est[35]      13.2306   0.00278736
T_pars_est[36]      13.7131 -0.000605973
T_pars_est[37]      12.9631   0.00220095
T_pars_est[38]      13.0072  -0.00136373
T_pars_est[39]      12.6864  -0.00210653
T_pars_est[40]      12.4139    8.933e-05
T_pars_est[41]      12.3172   0.00162613
T_pars_est[42]      11.7589 -0.000957794
T_pars_est[43]      11.1053   0.00299216
T_pars_est[44]      10.9903  -0.00108781
T_pars_est[45]      11.0617 -0.000402193
T_pars_est[46]      10.0897 -0.000837905
T_pars_est[47]      8.73731  -0.00102047
T_pars_est[48]      7.70344   0.00126796
T_pars_est[49]      6.96078 -0.000738269
T_pars_est[50]       6.4385 -8.86454e-05
T_pars_est[51]      6.05712   0.00133717
T_pars_est[52]      5.77406  -0.00131357
T_pars_est[53]      5.57671    0.0005781
T_pars_est[54]      5.47406 -0.000233124
T_pars_est[55]      12.0437  0.000385943
T_pars_est[56]      12.0527 -0.000778969
T_pars_est[57]      12.0873 -0.000743781
T_pars_est[58]      12.1842  0.000736813
T_pars_est[59]      13.2596  0.000314609
T_pars_est[60]      13.6075  8.68429e-05
T_pars_est[61]      13.1741  6.63287e-05
T_pars_est[62]      12.3328 -0.000490748
T_pars_est[63]      11.2441  -0.00136395
T_pars_est[64]      10.1166   0.00187622
T_pars_est[65]      9.32756 -0.000328124
T_pars_est[66]      8.83796  0.000577999
T_pars_est[67]      8.55753  0.000501079
T_pars_est[68]      8.47087  -0.00068898
T_pars_est[69]      8.33821   0.00100166
T_pars_est[70]      8.11545 -0.000407886
T_pars_est[71]      7.83207  0.000565203
T_pars_est[72]      7.54594 -0.000392818
T_pars_est[73]      7.25534 -0.000116413
T_pars_est[74]      6.98642   0.00116132
T_pars_est[75]      6.81182   -0.0006886
T_pars_est[76]      6.73709  5.81255e-05
T_pars_est[77]     -13.8757 -0.000261686
T_pars_est[78]     -13.9179 -3.84546e-05
T_pars_est[79]     -14.0144  -0.00026664
T_pars_est[80]     -14.1124  0.000552041
T_pars_est[81]     -13.8076  -0.00079873
T_pars_est[82]     -13.4744  0.000110634
T_pars_est[83]     -14.3404  0.000929086
T_pars_est[84]     -15.3841 -1.59476e-05
T_pars_est[85]     -16.2965 -0.000246013
T_pars_est[86]     -16.9826  0.000247557
T_pars_est[87]     -17.4667 -0.000125712
T_pars_est[88]     -17.8104 -4.40558e-05
T_pars_est[89]     -18.0908 -3.24938e-05
T_pars_est[90]     -18.3245  0.000168868
T_pars_est[91]     -18.5262  0.000106587
T_pars_est[92]     -18.7037 -0.000133946
T_pars_est[93]     -18.8609 -0.000272306
G_pars_est[1]    0.0413233  3.34021e-05
G_pars_est[2]    -0.254501 -4.82873e-05
G_pars_est[4]     -4.74515  0.000254445
G_pars_est[5]    -0.424073 -7.15748e-05
S_pars_est[5]      -3.2997 -0.000610146
S_pars_est[6]     -2.90313 -0.000348183
S_pars_est[7]     -2.46047 -0.000349068
S_pars_est[8]     -1.70229 -0.000142204
S_pars_est[9]     -1.64256  0.000746948
S_pars_est[10]     -1.44619  3.04265e-05
S_pars_est[11]     -1.13533   -4.528e-05
S_pars_est[12]     -1.09154  0.000306683
S_pars_est[13]     -1.17079  0.000558205
S_pars_est[14]     -1.09572 -0.000673722
S_pars_est[15]    -0.999016 -0.000238897
S_pars_est[16]    -0.936834  9.06199e-06
S_pars_est[17]    -0.901119  0.000102901
S_pars_est[18]    -0.807394  0.000346316
S_pars_est[19]    -0.808632 -0.000244086
S_pars_est[20]     -0.94613  -0.00019754
S_pars_est[21]    -0.775368  3.40199e-05
S_pars_est[22]    -0.659089    0.0001659
S_pars_est[23]    -0.454865  -0.00015202
S_pars_est[24]    -0.293411 -1.06912e-05
S_pars_est[25]    -0.190051 -0.000223642
S_pars_est[26]    -0.216126 -0.000186502
S_pars_est[27]     -3.95233  4.71842e-05
S_pars_est[28]     -3.33166 -0.000286135
S_pars_est[29]     -2.54116  9.79749e-05
S_pars_est[30]     -1.84432 -0.000102684
S_pars_est[31]     -1.62515  -0.00150725
S_pars_est[32]      -1.4106    0.0010999
S_pars_est[33]     -1.19303  0.000679256
S_pars_est[34]     -1.07967  0.000226234
S_pars_est[35]     -1.13275 -0.000255935
S_pars_est[36]     -1.12104 -2.41645e-05
S_pars_est[37]     -1.05838  9.85553e-08
S_pars_est[38]    -0.975114  1.28121e-05
S_pars_est[39]    -0.919127  3.67002e-05
S_pars_est[40]    -0.795332 -0.000171555
S_pars_est[41]    -0.641079  6.53932e-06
S_pars_est[42]    -0.386813 -6.25332e-06
S_pars_est[43]    -0.268135 -6.32165e-05
S_pars_est[44]    -0.188068  8.58218e-05
S_pars_est[45]    -0.153958 -0.000360573
S_pars_est[46]    -0.112373  0.000243688
S_pars_est[47]   -0.0681912 -2.08367e-05
S_pars_est[48]   -0.0521201 -3.85134e-06
S_pars_est[51]     -5.14304 -7.92543e-05
S_pars_est[52]     -5.07734   5.6927e-05
S_pars_est[53]     -4.22784  2.23466e-05
S_pars_est[54]     -1.98855  7.81546e-05
S_pars_est[55]     -1.24699 -0.000356699
S_pars_est[56]    -0.550027 -0.000183389
S_pars_est[57]    -0.530568  3.20966e-05
S_pars_est[58]    -0.749888 -1.38903e-05
S_pars_est[59]    -0.810646  0.000133473
S_pars_est[60]     -0.93079 -0.000174821
S_pars_est[61]    -0.921448 -6.75487e-05
S_pars_est[62]    -0.871988   0.00015211
S_pars_est[63]    -0.837423  0.000356241
S_pars_est[64]    -0.789843  9.62739e-05
S_pars_est[65]    -0.720004 -7.91911e-06
S_pars_est[66]    -0.629882 -2.89585e-05
S_pars_est[67]    -0.528522 -2.39231e-05
S_pars_est[68]     -0.42287 -1.12165e-05
S_pars_est[69]    -0.313506 -2.80296e-05
S_pars_est[70]    -0.199093 -0.000116281
S_pars_est[71]   -0.0825949 -0.000312514
S_pars_est[73]     -4.68665  2.55667e-05
S_pars_est[74]     -3.93678  -0.00071155
S_pars_est[75]     -3.40498   0.00011597
S_pars_est[76]     -1.29894   0.00106353
S_pars_est[77]    -0.626974 -0.000842498
S_pars_est[78]    -0.197888  0.000152867
S_pars_est[79]    -0.248549  0.000359909
S_pars_est[80]    -0.872363 -3.48093e-06
S_pars_est[81]     -1.02682  5.13111e-05
S_pars_est[82]     -1.24442 -0.000138302
S_pars_est[83]     -1.37997 -2.47306e-05
S_pars_est[84]     -1.02674  0.000451616
S_pars_est[85]    -0.832186  0.000222961
S_pars_est[86]    -0.777935   0.00066537
S_pars_est[87]    -0.710681  0.000701025
S_pars_est[88]    -0.623375  4.99497e-05
S_pars_est[89]    -0.524202 -7.20051e-05
S_pars_est[90]    -0.419943 -9.83222e-06
S_pars_est[91]    -0.311322  1.99042e-06
S_pars_est[92]    -0.197219  2.81587e-06
S_pars_est[93]   -0.0805227 -2.33345e-05
log_fbar[1]      0.18381  3.74628e-05
log_fbar[2]     -4.58412 -1.42797e-05
log_fdev[1](1)     -1.54802 -0.000186912
log_fdev[1](2)     -1.83776  8.33922e-05
log_fdev[1](3)     -1.21294 -0.000273534
log_fdev[1](4)    -0.870331  0.000545197
log_fdev[1](5)    -0.743364 -0.000269205
log_fdev[1](6)    -0.333488 -0.000271344
log_fdev[1](7)    -0.327987  0.000186252
log_fdev[1](8)    -0.383103 -3.44689e-06
log_fdev[1](9)     0.630662 -0.000411465
log_fdev[1](10)     0.238043  7.36739e-05
log_fdev[1](11)     0.691821  -0.00010907
log_fdev[1](12)      0.87853  0.000139443
log_fdev[1](13)      0.27508  4.60349e-05
log_fdev[1](14)     0.583637 -0.000432564
log_fdev[1](15)     0.570082  9.70298e-06
log_fdev[1](16)     0.345231  0.000125134
log_fdev[1](17)       1.1795 -0.000111312
log_fdev[1](18)      -0.3162  -4.6271e-06
log_fdev[1](19)    -0.403106  0.000332984
log_fdev[1](20)     0.183768  0.000616415
log_fdev[1](21)     0.310016 -0.000310686
log_fdev[1](22)    -0.295561 -0.000600795
log_fdev[1](23)    -0.450853  0.000202038
log_fdev[1](24)    -0.757962  4.23853e-05
log_fdev[1](25)    -0.228255 -0.000284287
log_fdev[1](26)     0.143123 -0.000539606
log_fdev[1](27)    -0.119737  0.000212184
log_fdev[1](28)     -0.61267  0.000369868
log_fdev[1](29)    -0.592498 -0.000178103
log_fdev[1](30)    -0.145936 -0.000383495
log_fdev[1](31)     0.251454 -8.03575e-05
log_fdev[1](32)      0.61866  0.000367404
log_fdev[1](33)      1.04329 -8.48209e-05
log_fdev[1](34)      1.01043 -7.38393e-05
log_fdev[1](35)     0.580106  0.000215782
log_fdev[1](36)     0.594642  0.000248904
log_fdev[1](37)       1.0786  0.000240921
log_fdev[1](38)     0.798138 -0.000210885
log_fdev[1](39)      1.26503 -0.000315392
log_fdev[1](40)    -0.581124 -5.36284e-05
log_fdev[1](41)    -0.926034  0.000115317
log_fdev[1](42)    -0.582915 -9.73178e-05
log_fdev[2](1)    0.0365433  1.30668e-05
log_fdev[2](2)  -0.00245549  -0.00016901
log_fdev[2](3)    -0.221769    3.597e-05
log_fdev[2](4)    -0.431493  2.08506e-06
log_fdev[2](5)      -9.3927 -0.000765794
log_fdev[2](6)     -5.19861  6.33861e-05
log_fdev[2](7)      -5.6533  0.000358123
log_fdev[2](8)     -1.87679 -0.000102775
log_fdev[2](9)    -0.564377  -0.00142628
log_fdev[2](10)      2.01548  0.000766489
log_fdev[2](11)      1.56908  0.000444424
log_fdev[2](12)      1.47522  0.000541852
log_fdev[2](13)      1.12132  4.65056e-05
log_fdev[2](14)      1.63815  0.000761223
log_fdev[2](15)      1.41203  0.000908542
log_fdev[2](16)     0.591638  -0.00184812
log_fdev[2](17)     0.887925 -5.60663e-05
log_fdev[2](18)     0.272566  0.000788224
log_fdev[2](19)     0.481965 -0.000228262
log_fdev[2](20)     0.487699  -0.00135146
log_fdev[2](21)     0.112722  0.000754639
log_fdev[2](22)     0.138096     0.003179
log_fdev[2](23)      0.16869  -0.00136006
log_fdev[2](24)   -0.0123354   -0.0013355
log_fdev[2](25)     0.675642 -4.38205e-05
log_fdev[2](26)      0.43869 -0.000292058
log_fdev[2](27)     -0.19738  8.37535e-05
log_fdev[2](28)     0.252579 -0.000307942
log_fdev[2](29)    -0.850139  0.000438223
log_fdev[2](30)     -0.73295  0.000925165
log_fdev[2](31)    -0.192334 -0.000329038
log_fdev[2](32)     0.194629 -0.000748882
log_fdev[2](33)      1.74432   -0.0019418
log_fdev[2](34)      2.98839   0.00045217
log_fdev[2](35)    -0.631722 -0.000403369
log_fdev[2](36)     0.366309   0.00106132
log_fdev[2](37)      1.62915 -0.000328561
log_fdev[2](38)     0.754187  0.000360015
log_fdev[2](39)      1.21478  -0.00045518
log_fdev[2](40)     0.859687 -0.000332298
log_fdev[2](41)    -0.107057   0.00018554
log_fdev[2](42)     0.545864  0.000447117
log_fdev[2](43)     0.483248  0.000836219
log_fdev[2](44)      1.50881  0.000257599
log_foff[1]     -7.35775 -1.42327e-05
log_fdov[1](1)       1.5975  0.000390455
log_fdov[1](2)      1.79983  3.96512e-05
log_fdov[1](3)       1.4335  0.000549668
log_fdov[1](4)      1.29679  -0.00123536
log_fdov[1](5)      1.98086   0.00130479
log_fdov[1](6)      1.44585  0.000736561
log_fdov[1](7)     0.792628 -0.000602682
log_fdov[1](8)     0.746924 -0.000253773
log_fdov[1](9)      3.14389  0.000586153
log_fdov[1](10)      1.59908 -0.000412526
log_fdov[1](11)      1.62445  0.000480917
log_fdov[1](12)     0.655456 -8.75145e-07
log_fdov[1](13)     0.765283 -0.000224933
log_fdov[1](14)    -0.899056  0.000796214
log_fdov[1](15)     0.769177 -0.000454568
log_fdov[1](16)      1.10297  -0.00103144
log_fdov[1](17)     -2.17071 -0.000111822
log_fdov[1](18)     -0.43622 -6.75636e-05
log_fdov[1](19)     -2.29118 -0.000689627
log_fdov[1](20)     0.139354 -0.000778154
log_fdov[1](21)     -2.12025   0.00157083
log_fdov[1](22)     -2.30755   0.00145181
log_fdov[1](23)     -1.57013  -0.00144091
log_fdov[1](24)    -0.811611  -0.00114498
log_fdov[1](25)      -2.6347 -0.000123048
log_fdov[1](26)    -0.276435   0.00092878
log_fdov[1](27)     0.062491  -0.00082209
log_fdov[1](28)     0.403205 -0.000962892
log_fdov[1](29)     0.268553  0.000973381
log_fdov[1](30)      2.46407   0.00133209
log_fdov[1](31)     0.649174  4.02212e-05
log_fdov[1](32)      1.03557 -0.000982887
log_fdov[1](33)      1.67474   -0.0002637
log_fdov[1](34)     0.903001  0.000407064
log_fdov[1](35)     0.269152 -2.11812e-05
log_fdov[1](36)    0.0739523  0.000140426
log_fdov[1](37)     -1.04632  -0.00051856
log_fdov[1](38)    -0.180456  0.000177914
log_fdov[1](39)     -3.56715  0.000681606
log_fdov[1](40)     -4.42602  0.000304651
log_fdov[1](41)     -5.13431  8.00481e-06
log_fdov[1](42)      1.17465  0.000946821
rec_dev_est(1982)     0.757635 -0.000316911
rec_dev_est(1983)     0.200361  0.000338269
rec_dev_est(1984)      1.30222   0.00021545
rec_dev_est(1985)      1.59205  5.08432e-05
rec_dev_est(1986)     0.436387   0.00013208
rec_dev_est(1987)     0.340181  0.000213872
rec_dev_est(1988)    -0.297366 -0.000176307
rec_dev_est(1989)    -0.483252 -0.000159649
rec_dev_est(1990)      1.02376 -4.43095e-06
rec_dev_est(1991)       1.3528  0.000557237
rec_dev_est(1992)    -0.640327 -0.000319327
rec_dev_est(1993)    -0.587802 -0.000126788
rec_dev_est(1994)    -0.527924 -0.000595297
rec_dev_est(1995)     -1.05262 -0.000939208
rec_dev_est(1996)     -1.38266  0.000861678
rec_dev_est(1997)     -1.29058  0.000665021
rec_dev_est(1998)    -0.510617  -0.00121816
rec_dev_est(1999)    -0.537265   0.00123802
rec_dev_est(2000)     -1.23678  -0.00039744
rec_dev_est(2001)     0.180933  0.000882473
rec_dev_est(2002)      1.02532  8.31054e-05
rec_dev_est(2003)    -0.110722  7.73791e-05
rec_dev_est(2004)     0.272709  0.000185535
rec_dev_est(2005)    -0.937785 -0.000217747
rec_dev_est(2006)     -1.54278 -0.000620136
rec_dev_est(2007)    0.0123406   -0.0013061
rec_dev_est(2008)     0.984993  0.000592939
rec_dev_est(2009)    -0.556616 -0.000389648
rec_dev_est(2010)    -0.694676 -0.000280144
rec_dev_est(2011)    -0.678062 -0.000127121
rec_dev_est(2012)     -0.87335   0.00010884
rec_dev_est(2013)     -0.77945 -0.000131009
rec_dev_est(2014)      1.28671  7.70471e-05
rec_dev_est(2015)      1.35622  2.35041e-05
rec_dev_est(2016)      1.66438  0.000529509
rec_dev_est(2017)    -0.722579 -0.000274729
rec_dev_est(2018)      -1.6586 -5.89408e-05
rec_dev_est(2019)     -1.18853  0.000463507
rec_dev_est(2020)     0.139846 -0.000178779
rec_dev_est(2021)     0.488276 -7.36415e-05
rec_dev_est(2022)      1.52504  -0.00023801
rec_dev_est(2023)     -0.28798  0.000207818
rec_dev_est(2024)    -0.785757  0.000195302
rec_dev_est(2025)    -0.257373  6.54604e-05
logit_rec_prop_est(1982)      2.60982  3.11937e-05
logit_rec_prop_est(1983)      1.14219  0.000163196
logit_rec_prop_est(1984)     0.363703  6.43884e-05
logit_rec_prop_est(1985)    -0.265096 -4.85945e-06
logit_rec_prop_est(1986)     -2.30344  8.64218e-05
logit_rec_prop_est(1987)   -0.0268101  2.29176e-05
logit_rec_prop_est(1988)    -0.148117  6.93755e-05
logit_rec_prop_est(1989)   -0.0358818  0.000185128
logit_rec_prop_est(1990)     0.997722 -2.18068e-05
logit_rec_prop_est(1991)     0.161951  3.85652e-05
logit_rec_prop_est(1992)    -0.935477 -4.92525e-05
logit_rec_prop_est(1993)    -0.477435   6.8316e-05
logit_rec_prop_est(1994)     -1.28316  0.000127109
logit_rec_prop_est(1995)    -0.699845  5.92273e-05
logit_rec_prop_est(1996)       1.8128 -0.000181183
logit_rec_prop_est(1997)      1.19591  0.000186862
logit_rec_prop_est(1998)     0.127084 -0.000105722
logit_rec_prop_est(1999)     -0.90064  0.000120968
logit_rec_prop_est(2000)     -1.78644 -0.000429416
logit_rec_prop_est(2001)     0.636324 -0.000173259
logit_rec_prop_est(2002)     -1.17675 -0.000104788
logit_rec_prop_est(2003)     0.549088 -0.000102823
logit_rec_prop_est(2004)     0.889979  0.000172145
logit_rec_prop_est(2005)     0.115037 -0.000140533
logit_rec_prop_est(2006)     0.977266  0.000510372
logit_rec_prop_est(2007)    -0.121321  0.000140007
logit_rec_prop_est(2008)     -1.01975  4.68268e-05
logit_rec_prop_est(2009)      -1.4763 -0.000356622
logit_rec_prop_est(2010)     -0.45778  0.000168435
logit_rec_prop_est(2011)      -1.2058     7.51e-06
logit_rec_prop_est(2012)      1.48972 -7.47834e-05
logit_rec_prop_est(2013)     0.401024  0.000106592
logit_rec_prop_est(2014)      1.21719  5.76682e-05
logit_rec_prop_est(2015)    -0.739507 -5.39912e-05
logit_rec_prop_est(2016)     -3.08602 -8.32546e-06
logit_rec_prop_est(2017)      -1.8429 -7.06657e-05
logit_rec_prop_est(2018)      2.34073 -0.000118893
logit_rec_prop_est(2019)      -2.1386  4.56525e-05
logit_rec_prop_est(2020)     0.758354  9.74666e-05
logit_rec_prop_est(2021)     0.670232  5.08354e-05
logit_rec_prop_est(2022)    -0.218805   3.9665e-05
logit_rec_prop_est(2023)      1.74322 -0.000190306
logit_rec_prop_est(2024)      1.91399 -3.99012e-05
logit_rec_prop_est(2025)     0.232521  0.000249476
