#========================================================================================================																													
#	Gmacs	Main	Data	File	Version	1.1:	BBRKC	Example																					
#	GEAR_INDEX	DESCRIPTION																											
#	1	:	Pot	fishery	retained	catch.																							
#	1	:	Pot	fishery	with	discarded	catch.																						
#	2	:	Trawl	bycatch																									
#	3	:	Trawl	survey																									
#	Fisheries:	1	Pot	"Fishery,"	2	Pot	"Discard,"	3	Trawl	"by-catch,"	4	Tanner bycatch 5 fixed gear																	
#	Surveys:	6	NMFS	Trawl	"Survey,"	7	BSFRF	Survey																					
#========================================================================================================																													
1982	# Start	year																											
2024	# End	year																											
3	# Number of seasons																												
4	# Number of fleets (fishing fleets and surveys)																												
2	# Number of sexes																												
1	# Number of shell condition types																												
2	# Number of maturity types																												
22	# Number of size-classes in the	model																											
3	# Season recruitment occurs																												
3	# Season molting and growth occurs																												
3	# Season to calculate SSB																												
1	# Season for N output																												
# maximum size-class (males then females)																													
22 22																													
#	size_breaks (a	vector	giving	the	break	points	between	size	"intervals,"	dim=nclass+1)																			
25	30	35	40	45	50	55	60	65	70	75	80	85	90	95	100	105	110	115	120	125	130	135							
#	Natural	mortality	per	season	input	type	(1	=	vector	by	"season,"	2	=	matrix	by	season/year)													
1																													
#	Proportion of the total	natural	mortality to be	applied	each	season																							
#0.625 0.00 0.375																													
0.62 0.01 0.37																													
# Fishing fleet	names (delimited with spaces; no spaces in names)																												
Pot_Fishery Trawl_Bycatch																													
# Survey names (delimited with spaces; no spaces in names)																													
NMFS_Trawl_1982 NMFS_Trawl_1989																													
# Are the seasons instantaneous (0) or continuous (1)																													
1 1 1																													
# Input catch data format (0: old; 1:new)																													
0																													
# Number of catch data frames																													
4																													
# Number of rows in each data frame																													
41	41	41	43																										
##		##																											
##	CATCH	DATA																											
##	Type of	"catch: 1 = retained, 2"	"= discard, 0 ="	total																									
##	Units of catch:	"1 = biomass, 2 = numbers"																											
##	for snow Units	are in 1000 mt	for landed & discards.																										
##		##																											
##	Male	retained	pot	fishery	(tonnes)																								
#year	seas	fleet	sex	obs	cv	type	units	mult	effort	discard_mortality																			
1982	2	1	1	11.8518			0.04	1	1	1	0	0.3																	
1983	2	1	1	12.1623			0.04	1	1	1	0	0.3																	
1984	2	1	1	29.9369			0.04	1	1	1	0	0.3																	
1985	2	1	1	44.4455			0.04	1	1	1	0	0.3																	
1986	2	1	1	46.2231			0.04	1	1	1	0	0.3																	
1987	2	1	1	61.3965			0.04	1	1	1	0	0.3																	
1988	2	1	1	67.7927			0.04	1	1	1	0	0.3																	
1989	2	1	1	73.32605206		0.04	1	1	1	0	0.3																	
1990	2	1	1	149.0721803		0.04	1	1	1	0	0.3																			
1991	2	1	1	143.0184802		0.04	1	1	1	0	0.3																			
1992	2	1	1	104.6682341		0.04	1	1	1	0	0.3																			
1993	2	1	1	67.94477854		0.04	1	1	1	0	0.3																			
1994	2	1	1	34.15964475		0.04	1	1	1	0	0.3																			
1995	2	1	1	29.7992585		0.04	1	1	1	0	0.3																			
1996	2	1	1	54.23942142		0.04	1	1	1	0	0.3																		
1997	2	1	1	110.4399093		0.04	1	1	1	0	0.3																			
1998	2	1	1	88.151463		0.04	1	1	1	0	0.3																			
1999	2	1	1	15.10068731		0.04	1	1	1	0	0.3																		
2000	2	1	1	11.45609373		0.04	1	1	1	0	0.3																			
2001	2	1	1	14.79861592		0.04	1	1	1	0	0.3																			
2002	2	1	1	12.84201687		0.04	1	1	1	0	0.3																			
2003	2	1	1	10.86006885		0.04	1	1	1	0	0.3																			
2004	2	1	1	11.29087012		0.04	1	1	1	0	0.3																			
2005	2	1	1	16.77106071		0.04	1	1	1	0	0.3																			
2006	2	1	1	16.49063154		0.04	1	1	1	0	0.3																			
2007	2	1	1	28.58901291		0.04	1	1	1	0	0.3																			
2008	2	1	1	26.55683592		0.04	1	1	1	0	0.3																			
2009	2	1	1	21.77880666		0.04	1	1	1	0	0.3																			
2010	2	1	1	24.61335341		0.04	1	1	1	0	0.3																			
2011	2	1	1	40.2928731		0.04	1	1	1	0	0.3																		
2012	2	1	1	30.05252386		0.04	1	1	1	0	0.3																			
2013	2	1	1	24.48638666		0.04	1	1	1	0	0.3																			
2014	2	1	1	30.81776033		0.04	1	1	1	0	0.3																			
2015	2	1	1	18.42102701		0.04	1	1	1	0	0.3																			
2016	2	1	1	9.784394477		0.04	1	1	1	0	0.3																			
2017	2	1	1	8.601679645		0.04	1	1	1	0	0.3																			
2018	2	1	1	12.50927085		0.04	1	1	1	0	0.3																			
2019	2	1	1	15.43326504		0.04	1	1	1	0	0.3																			
2020	2	1	1	20.41217977		0.04	1	1	1	0	0.3																			
2021	2	1	1	2.516636371		0.04	1	1	1	0	0.3	
2024	2	1	1	2.145273		0.04	1	1	1	0	0.3																			
##	Male	discard	pot	fishery																									
#year	seas	fleet	sex	obs	cv	type	units	mult	effort	discard_mortality																			
1982	2	1	1	1.2665			0.07	2	1	1	0	0.3																	
1983	2	1	1	1.23826			0.07	2	1	1	0	0.3																	
1984	2	1	1	2.75873			0.07	2	1	1	0	0.3																	
1985	2	1	1	4.01467			0.07	2	1	1	0	0.3																	
1986	2	1	1	4.24531			0.07	2	1	1	0	0.3																	
1987	2	1	1	5.52241			0.07	2	1	1	0	0.3																	
1988	2	1	1	5.81669			0.07	2	1	1	0	0.3																	
1989	2	1	1	6.68474			0.07	2	1	1	0	0.3																	
1990	2	1	1	35.55			0.07	2	1	1	0	0.3																	
1991	2	1	1	9.03			0.07	2	1	1	0	0.3																			
1992	2	1	1	21.18			0.07	2	1	1	0	0.3																			
1993	2	1	1	22.27			0.07	2	1	1	0	0.3																		
1994	2	1	1	7.78			0.07	2	1	1	0	0.3																			
1995	2	1	1	14.73			0.07	2	1	1	0	0.3																			
1996	2	1	1	23.23			0.07	2	1	1	0	0.3																		
1997	2	1	1	7.10			0.07	2	1	1	0	0.3																			
1998	2	1	1	19.50			0.07	2	1	1	0	0.3																			
1999	2	1	1	4.13			0.07	2	1	1	0	0.3																		
2000	2	1	1	3.25			0.07	2	1	1	0	0.3																			
2001	2	1	1	3.98			0.07	2	1	1	0	0.3																			
2002	2	1	1	4.50			0.07	2	1	1	0	0.3																		
2003	2	1	1	2.40			0.07	2	1	1	0	0.3																			
2004	2	1	1	3.58			0.07	2	1	1	0	0.3																		
2005	2	1	1	0.62			0.07	2	1	1	0	0.3																			
2006	2	1	1	4.17			0.07	2	1	1	0	0.3																			
2007	2	1	1	5.77			0.07	2	1	1	0	0.3																			
2008	2	1	1	5.11			0.07	2	1	1	0	0.3																			
2009	2	1	1	4.28			0.07	2	1	1	0	0.3																			
2010	2	1	1	4.47			0.07	2	1	1	0	0.3																			
2011	2	1	1	3.73			0.07	2	1	1	0	0.3																			
2012	2	1	1	5.53			0.07	2	1	1	0	0.3																			
2013	2	1	1	10.61			0.07	2	1	1	0	0.3																			
2014	2	1	1	11.62			0.07	2	1	1	0	0.3																			
2015	2	1	1	10.90			0.07	2	1	1	0	0.3																			
2016	2	1	1	4.51			0.07	2	1	1	0	0.3																			
2017	2	1	1	5.88			0.07	2	1	1	0	0.3																		
2018	2	1	1	8.63			0.07	2	1	1	0	0.3																			
2019	2	1	1	15.61			0.07	2	1	1	0	0.3																			
2020	2	1	1	6.12			0.07	2	1	1	0	0.3																		
2021	2	1	1	1.68			0.07	2	1	1	0	0.3	
2024	2	1	1	0.66			0.07	2	1	1	0	0.3																			
##	Female	discard																											
#year	seas	fleet	sex	obs	cv	type	units	mult	effort	discard_mortality																			
1982	2	1	2	0.015556	0.07	2	1	1	0	0.3																			
1983	2	1	2	0.0108887	0.07	2	1	1	0	0.3																			
1984	2	1	2	0.010782	0.07	2	1	1	0	0.3																			
1985	2	1	2	0.0108527	0.07	2	1	1	0	0.3																			
1986	2	1	2	0.0239127	0.07	2	1	1	0	0.3																			
1987	2	1	2	0.0345783	0.07	2	1	1	0	0.3																			
1988	2	1	2	0.0367518	0.07	2	1	1	0	0.3																			
1989	2	1	2	0.0477847	0.07	2	1	1	0	0.3																			
1990	2	1	2	1.522659659	0.07	2	1	1	0	0.3																			
1991	2	1	2	0.199924588	 0.07	2	1	1	0	0.3																				
1992	2	1	2	0.278295622	 0.07	2	1	1	0	0.3																				
1993	2	1	2	0.115559031	 0.07	2	1	1	0	0.3																				
1994	2	1	2	0.078126188	 0.07	2	1	1	0	0.3																				
1995	2	1	2	0.021310662	 0.07	2	1	1	0	0.3																				
1996	2	1	2	0.10057367	 0.07	2	1	1	0	0.3																				
1997	2	1	2	0.09901387	 0.07	2	1	1	0	0.3																				
1998	2	1	2	0.007600419	 0.07	2	1	1	0	0.3																				
1999	2	1	2	0.008020506	 0.07	2	1	1	0	0.3																				
2000	2	1	2	0.000918842	 0.07	2	1	1	0	0.3																				
2001	2	1	2	0.015991369	 0.07	2	1	1	0	0.3																				
2002	2	1	2	0.001835884	 0.07	2	1	1	0	0.3																				
2003	2	1	2	0.000821389	 0.07	2	1	1	0	0.3																				
2004	2	1	2	0.00147843	 0.07	2	1	1	0	0.3																				
2005	2	1	2	0.003533722	 0.07	2	1	1	0	0.3																				
2006	2	1	2	0.001249455	 0.07	2	1	1	0	0.3																				
2007	2	1	2	0.018368231	 0.07	2	1	1	0	0.3																				
2008	2	1	2	0.017389797	 0.07	2	1	1	0	0.3																				
2009	2	1	2	0.012412382	 0.07	2	1	1	0	0.3																				
2010	2	1	2	0.01004964	 0.07	2	1	1	0	0.3																				
2011	2	1	2	0.190936	 0.07	2	1	1	0	0.3																				
2012	2	1	2	0.057137805	 0.07	2	1	1	0	0.3																				
2013	2	1	2	0.115653821	 0.07	2	1	1	0	0.3																				
2014	2	1	2	0.298941804	 0.07	2	1	1	0	0.3																				
2015	2	1	2	0.11499731	 0.07	2	1	1	0	0.3																				
2016	2	1	2	0.033232091	 0.07	2	1	1	0	0.3																				
2017	2	1	2	0.028011304	 0.07	2	1	1	0	0.3																				
2018	2	1	2	0.022189316	 0.07	2	1	1	0	0.3																				
2019	2	1	2	0.021413292	 0.07	2	1	1	0	0.3																				
2020	2	1	2	0.00078163	 0.07	2	1	1	0	0.3																				
2021	2	1	2	0.0000419	 0.07	2	1	1	0	0.3	
2024	2	1	2	0.0000196	 0.07	2	1	1	0	0.3																			
##	Bycatch	from all 																											
#year	seas	fleet	sex	obs	cv	type	units	mult	effort	discard_mortality																			
1982	2	2	0	0.367285		0.2	2	1	1	0	1																		
1983	2	2	0	0.473323		0.2	2	1	1	0	1																		
1984	2	2	0	0.502882		0.2	2	1	1	0	1																		
1985	2	2	0	0.431674		0.2	2	1	1	0	1																		
1986	2	2	0	0.00005			0.2	2	1	1	0	1																		
1987	2	2	0	0.002804		0.2	2	1	1	0	1																		
1988	2	2	0	0.001931		0.2	2	1	1	0	1																		
1989	2	2	0	0.100212		0.2	2	1	1	0	1																		
1990	2	2	0	0.331630343		0.1	2	1	1	0	1																		
1991	2	2	0	4.451176265		0.1	2	1	1	0	1																		
1992	2	2	0	2.049938732		0.1	2	1	1	0	1																		
1993	2	2	0	1.125987569		0.1	2	1	1	0	1																		
1994	2	2	0	0.699352965		0.1	2	1	1	0	1																		
1995	2	2	0	1.043959969		0.1	2	1	1	0	1																		
1996	2	2	0	1.223472723		0.1	2	1	1	0	1																		
1997	2	2	0	0.726482693		0.1	2	1	1	0	1																		
1998	2	2	0	0.578718859		0.1	2	1	1	0	1																		
1999	2	2	0	0.242207695		0.1	2	1	1	0	1																		
2000	2	2	0	0.247224608		0.1	2	1	1	0	1																		
2001	2	2	0	0.181282184		0.1	2	1	1	0	1																		
2002	2	2	0	0.10454385		0.1	2	1	1	0	1																		
2003	2	2	0	0.136309778		0.1	2	1	1	0	1																		
2004	2	2	0	0.179525634		0.1	2	1	1	0	1																		
2005	2	2	0	0.18869077		0.1	2	1	1	0	1																			
2006	2	2	0	0.363288907		0.1	2	1	1	0	1																			
2007	2	2	0	0.30606164		0.1	2	1	1	0	1																			
2008	2	2	0	0.189057311		0.1	2	1	1	0	1																			
2009	2	2	0	0.388752609		0.1	2	1	1	0	1																			
2010	2	2	0	0.138071251		0.1	2	1	1	0	1																			
2011	2	2	0	0.139625567		0.1	2	1	1	0	1																			
2012	2	2	0	0.150424948		0.1	2	1	1	0	1																			
2013	2	2	0	0.162110559		0.1	2	1	1	0	1																			
2014	2	2	0	0.617397153		0.1	2	1	1	0	1																			
2015	2	2	0	1.581878693		0.1	2	1	1	0	1																			
2016	2	2	0	0.035073852		0.1	2	1	1	0	1																			
2017	2	2	0	0.101232616		0.1	2	1	1	0	1																			
2018	2	2	0	0.401392627		0.1	2	1	1	0	1																			
2019	2	2	0	0.210518829		0.1	2	1	1	0	1																			
2020	2	2	0	0.19323263		0.1	2	1	1	0	1																			
2021	2	2	0	0.129530782		0.1	2	1	1	0	1																			
2022	2	2	0	0.060399579		0.1	2	1	1	0	1																		
2023	2	2	0	0.10723814		0.1	2	1	1	0	1
2024	2	2	0	0.092467764		0.1	2	1	1	0	1																			
##	RELATIVE	ABUNDANCE	DATA																										
# Input abundance data format (0: old; 1:new)																													
0																													
##	Number	of	relative	abundance	indicies																								
4																													
# Index Type  (1=Selecivity; 2=retention)																													
1 1 1 1																													
##	Number	of	rows of index data																										
86																													
##	Survey	data																											
##  Mature: 1=mature; 2=immature; 0=combined																													
##  Index: indicates if a different q is estimated for the survey																													
##	Units:	of	Abundance:	1	=	"biomass,"	2	=	numbers		(Units for snow crab are in 1000 mt.)																		
#Index Year	Season	Fleet	Sex Mature	Obs		CV		Units	Timing	RAI																			
1	1982	1		3		2		1	141.49		0.158	1		0   1																
1	1983	1		3		2		1	82.18		0.203	1		0	1															
1	1984	1		3		2		1	39.37		0.200	1		0	1															
1	1985	1		3		2		1	5.89		0.215	1		0	1															
1	1986	1		3		2		1	15.17		0.209	1		0	1															
1	1987	1		3		2		1	119.55		0.189	1		0	1															
1	1988	1		3		2		1	165.62		0.177	1		0	1															
2	1989	1		4		2		1	256.73		0.324	1		0	2															
2	1990	1		4		2		1	174.94		0.210	1		0	2															
2	1991	1		4		2		1	199.02		0.243	1		0	2															
2	1992	1		4		2		1	123.48		0.202	1		0	2															
2	1993	1		4		2		1	127.08		0.166	1		0	2															
2	1994	1		4		2		1	122.60		0.140	1		0	2															
2	1995	1		4		2		1	164.96		0.136	1		0	2															
2	1996	1		4		2		1	104.43		0.151	1		0	2															
2	1997	1		4		2		1	101.39		0.197	1		0	2															
2	1998	1		4		2		1	70.18		0.280	1		0	2															
2	1999	1		4		2		1	29.85		0.238	1		0	2															
2	2000	1		4		2		1	93.88		0.539	1		0	2															
2	2001	1		4		2		1	74.84		0.297	1		0	2															
2	2002	1		4		2		1	29.51		0.319	1		0	2															
2	2003	1		4		2		1	38.76		0.406	1		0	2															
2	2004	1		4		2		1	47.74		0.280	1		0	2															
2	2005	1		4		2		1	62.60		0.223	1		0	2															
2	2006	1		4		2		1	50.59		0.204	1		0	2															
2	2007	1		4		2		1	54.45		0.324	1		0	2															
2	2008	1		4		2		1	49.35		0.235	1		0	2															
2	2009	1		4		2		1	50.00		0.231	1		0	2															
2	2010	1		4		2		1	94.96		0.184	1		0	2															
2	2011	1		4		2		1	169.12		0.192	1		0	2															
2	2012	1		4		2		1	143.25		0.235	1		0	2															
2	2013	1		4		2		1	125.67		0.207	1		0	2															
2	2014	1		4		2		1	111.36		0.214	1		0	2															
2	2015	1		4		2		1	81.63		0.183	1		0	2															
2	2016	1		4		2		1	53.12		0.206	1		0	2															
2	2017	1		4		2		1	105.88		0.219	1		0	2															
2	2018	1		4		2		1	165.45		0.200	1		0	2															
2	2019	1		4		2		1	109.23		0.197	1		0	2															
2	2021	1		4		2		1	30.54		0.443	1		0	2															
2	2022	1		4		2		1	21.43		0.345	1		0	2															
2	2023	1		4		2		1	15.30		0.274	1		0	2															
2	2024	1		4		2		1	41.90		0.229	1		0       2
2	2025	1		4		2		1	147.34		0.172	1		0	2															
3	1982	1		3		1		1	168.20		0.138	1		0	3															
3	1983	1		3		1		1	144.36		0.126	1		0	3															
3	1984	1		3		1		1	164.14		0.118	1		0	3															
3	1985	1		3		1		1	69.06		0.106	1		0	3															
3	1986	1		3		1		1	84.57		0.112	1		0	3															
3	1987	1		3		1		1	181.77		0.107	1		0	3															
3	1988	1		3		1		1	245.98		0.149	1		0	3															
4	1989	1		4		1		1	270.56		0.107	1		0	4															
4	1990	1		4		1		1	361.65		0.139	1		0	4															
4	1991	1		4		1		1	392.09		0.147	1		0	4															
4	1992	1		4		1		1	222.03		0.094	1		0	4															
4	1993	1		4		1		1	212.60		0.105	1		0	4															
4	1994	1		4		1		1	139.25		0.084	1		0	4															
4	1995	1		4		1		1	202.57		0.127	1		0	4															
4	1996	1		4		1		1	266.43		0.125	1		0	4															
4	1997	1		4		1		1	278.11		0.095	1		0	4															
4	1998	1		4		1		1	198.21		0.090	1		0	4															
4	1999	1		4		1		1	90.27		0.090	1		0	4															
4	2000	1		4		1		1	87.77		0.136	1		0	4															
4	2001	1		4		1		1	115.74		0.116	1		0	4															
4	2002	1		4		1		1	83.43		0.227	1		0	4															
4	2003	1		4		1		1	60.63		0.119	1		0	4															
4	2004	1		4		1		1	71.44		0.138	1		0	4															
4	2005	1		4		1		1	123.85		0.113	1		0	4															
4	2006	1		4		1		1	137.19		0.260	1		0	4															
4	2007	1		4		1		1	147.65		0.147	1		0	4															
4	2008	1		4		1		1	121.52		0.102	1		0	4															
4	2009	1		4		1		1	132.62		0.128	1		0	4															
4	2010	1		4		1		1	155.89		0.122	1		0	4															
4	2011	1		4		1		1	166.40		0.114	1		0	4															
4	2012	1		4		1		1	118.29		0.119	1		0	4															
4	2013	1		4		1		1	92.59		0.118	1		0	4															
4	2014	1		4		1		1	153.97		0.164	1		0	4															
4	2015	1		4		1		1	76.70		0.118	1		0	4															
4	2016	1		4		1		1	57.70		0.108	1		0	4															
4	2017	1		4		1		1	82.02		0.131	1		0	4															
4	2018	1		4		1		1	228.85		0.170	1		0	4															
4	2019	1		4		1		1	200.32		0.172	1		0	4															
4	2021	1		4		1		1	57.90		0.134	1		0	4															
4	2022	1		4		1		1	35.12		0.149	1		0	4															
4	2023	1		4		1		1	24.22		0.127	1		0	4															
4	2024	1		4		1		1	57.29		0.122	1		0	4
4	2025	1		4		1		1	116.50		0.147	1		0	4	
999 #chk      <-NEW as of version 2.20.29												
# Input abundance data format (0: old; 1:new)							#																						
0																													
## Number of length frequency matrices	 																												
13																													
## Number of rows in each matrix																													
41	31	31	34	34	7	36	7	36	7	36	7	36																	
##	Number	of	bins	in	each	matrix	(columns	of	size	data)																			
22	22	22	22	22	22	22	22	22	22	22	22	22																	
##	SIZE COMPOSITION DATA FOR ALL FLEETS																												
##	SIZE	COMP	LEGEND																										
##	Sex: 1	"= male,"	"2 = female, 0"	#NAME?																									
##	Type of	composition: 1	"= retained, 2 ="	"discard, 0 = total composition"																									
##	Maturity	state:	1	=	"mature,"	2	=	"immature,"	0	=	both	states	combined																
##	Shell	condition:	1	=	new	"shell,"	2	=	old	"shell,"	0	=	both	shell	types	combined													
##		##																											
#Retained	males																												
#Year	Season	Fleet	Sex	Type	Shell	Maturity	Nsamp	27.5	32.5	37.5	42.5	47.5	52.5	57.5	62.5	67.5	72.5	77.5	82.5	87.5	92.5	97.5	102.5	107.5	112.5	117.5	122.5	127.5	132.5																					
1982	2	1	1	1	0	0	100	0	0	0	0	0	0	0	0	0	0.000194628	0.000389257	0.000973141	0.003697937	0.01985206	0.1329311	0.3435186	0.2763725	0.1405216	0.05663681	0.01848965	0.004865703	0.001557026
1983	2	1	1	1	0	0	100	0	0	0	0	0	0	0	0	0	0	0.000238284	0.00039714	0.00127085	0.00833996	0.0518665	0.1884829	0.2749805	0.2584595	0.1475775	0.05409058	0.01199365	0.002303416
1984	2	1	1	1	0	0	100	0	0	0	0	0	0	0	6.74E-05	0	0.000202265	0.000134844	0.001685545	0.005326318	0.02117045	0.068568	0.1681495	0.2284249	0.2343583	0.1687563	0.0788161	0.02009168	0.00424758
1985	2	1	1	1	0	0	100	0	0	0	0	0	0	0	0	0	5.20E-05	0.000311705	0.00135072	0.00493532	0.02613126	0.09081	0.1857234	0.22105	0.2136211	0.149203	0.0753285	0.02576755	0.00571458
1986	2	1	1	1	0	0	100	0	0	0	0	0	0	0	0	0	0	0	0.001191021	0.00458085	0.03041682	0.100962	0.166193	0.2188732	0.2183231	0.1511677	0.0790655	0.02382047	0.00540541
1987	2	1	1	1	0	0	100	0	0	0	0	0	0	0	0	0	0	0	0.002413513	0.010324468	0.01863771	0.0754894	0.1863766	0.2288815	0.2153393	0.1543311	0.0821936	0.02252612	0.003486185
1988	2	1	1	1	0	0	100	0	0	0	0	0	0	0	0	0	0	0	0.00274904	0.00655697	0.02184975	0.0728395	0.1607883	0.2005376	0.2102102	0.1661033	0.1072941	0.041256	0.00981511
1989	2	1	1	1	0	0	100	0	0	0	0	0	0	0	6.23E-05	0.000218007	0.000342583	0.001463768	0.002616093	0.006882809	0.026129722	0.08770124	0.19701647	0.21859907	0.17951344	0.14366726	0.08944532	0.035753259	0.010588944
1990	2	1	1	1	0	0	100	0	0	0	0	0	0	0	5.15E-05	0.000103034	0.000103034	0.000231828	0.001133378	0.002910724	0.01586732	0.06279941	0.1744109	0.2589513	0.22495006	0.1528253	0.07802274	0.023311551	0.00432744
1991	2	1	1	1	0	0	100	0	0	0	0	0	0	0	8.63E-06	6.04E-05	0.00044891	0.00164457	0.004307819	0.008853038	0.02823387	0.09598057	0.2194569	0.2354923	0.1873771	0.12119732	0.06490647	0.02451313	0.007519251
1992	2	1	1	1	0	0	100	0	0	0	0	0	7.89E-06	7.89E-06	4.34E-05	2.37E-05	0.00015788	0.000698619	0.002470822	0.006457291	0.016699756	0.045212881	0.118374468	0.188307408	0.239819701	0.206120218	0.120497953	0.04207107	0.013029046
1993	2	1	1	1	0	0	100	0	0	0	0	0	0	8.42E-06	8.42E-06	5.05E-05	0.000314196	0.000892093	0.002709943	0.005692003	0.017311658	0.052223921	0.134411513	0.198684303	0.222967192	0.185900439	0.114906092	0.047266913	0.016545804
1994	2	1	1	1	0	0	100	0	0	0	1.92E-05	0.00E+00	2.88E-05	9.61E-06	1.92E-05	8.65E-05	0.000874353	0.003045822	0.007542493	0.01305764	0.035877283	0.09651508	0.177272596	0.202455874	0.185968081	0.141452963	0.087531347	0.036232789	0.012010338
1995	2	1	1	1	0	0	100	0	0	0	0	0	0	1.03E-05	4.12E-05	0.000164673	0.000566065	0.002181923	0.007008913	0.017795023	0.04186822	0.106646631	0.194232313	0.212531648	0.187573331	0.12905251	0.069471604	0.023754143	0.007101542
1996	2	1	1	1	0	0	100	0	0	0	0	0	0	0	0	3.92E-05	0.000101795	0.000501143	0.001667867	0.005426442	0.02199549	0.095530429	0.253782065	0.262403295	0.18853165	0.104707614	0.046465374	0.014995145	0.003852539
1997	2	1	1	1	0	0	100	0	0	0	0	0	0	0	5.52E-06	2.21E-05	0.000127028	0.000347947	0.000624096	0.001855718	0.007384211	0.042593145	0.159243795	0.24536899	0.244010339	0.16949995	0.085804862	0.032944516	0.010167788
1998	2	1	1	1	0	0	100	0	0	0	0	0	0	0	1.98E-05	2.64E-05	9.23E-05	0.000210932	0.000665753	0.001885201	0.009050281	0.046866349	0.161856988	0.24725789	0.249070583	0.173946002	0.079672792	0.02394732	0.005431487
1999	2	1	1	1	0	0	100	0	0	0	0	0	0	0	0.000104225	0.000173708	0.000173708	0.00045164	0.001042246	0.001424402	0.006600889	0.035332129	0.131079767	0.217204002	0.261916342	0.201153419	0.105892162	0.029912451	0.007538911
2000	2	1	1	1	0	0	100	0	0	0	0	0	0	0	3.36E-05	0	0.000100861	0.000537924	0.001412049	0.003227542	0.006959387	0.028039268	0.111350188	0.193618881	0.24408284	0.223305541	0.132228349	0.043437332	0.011666218
2001	2	1	1	1	0	0	100	0	0	0	0	0	0	3.42E-05	0	0.000102638	0.000239488	0.000821102	0.001779055	0.003968661	0.012658661	0.051489959	0.179581922	0.224058298	0.214581409	0.169318143	0.097642752	0.035204762	0.008518937
2002	2	1	1	1	0	0	100	0	0	0	0	0	0	0	0	0	0.000104044	0.000762988	0.002393008	0.006866893	0.02441562	0.096240549	0.249601165	0.263092183	0.186966775	0.110876049	0.044149268	0.011965041	0.002566415
2003	2	1	1	1	0	0	100	0	0	0	0	0	0	0	3.62E-05	0.000108562	0.000180937	0.000289498	0.000434248	0.001447492	0.006658464	0.039227039	0.154375045	0.244915684	0.250379967	0.18318014	0.086921908	0.026416733	0.005428096
2004	2	1	1	1	0	0	100	0	0	0	0	0	0	0	4.47E-05	4.47E-05	0.000312723	0.000446748	0.000893495	0.002457112	0.008264832	0.030155468	0.096006076	0.17400822	0.228779485	0.225384203	0.150419943	0.064644389	0.018137956
2005	2	1	1	1	0	0	100	0	0	0	0	0	0	0	0	2.47E-05	2.47E-05	0.000271672	0.000469252	0.000815016	0.001679427	0.006643616	0.045023463	0.116448506	0.208742899	0.256483082	0.217238824	0.108273648	0.0378612
2006	2	1	1	1	0	0	100	0	0	0	0	0	0	0	0	2.90E-05	2.90E-05	5.79E-05	0.000753317	0.001535609	0.004809642	0.03569566	0.208524077	0.333429912	0.239497016	0.098365881	0.045633656	0.020310599	0.011328736
2007	2	1	1	1	0	0	100	0	0	0	0	0	0	0	0	4.01E-05	6.02E-05	0.000100281	0.000340955	0.001283594	0.004352186	0.037204172	0.210449258	0.322001604	0.234075411	0.116706779	0.054191737	0.015623746	0.003569996
2008	2	1	1	1	0	0	100	0	0	0	0	0	0	0	0	0	2.02E-05	0.00012118	0.000403934	0.000929049	0.005210753	0.038797891	0.184900935	0.284066811	0.23751338	0.141578979	0.075636701	0.025791206	0.005028982
2009	2	1	1	1	0	0	100	0	0	0	0	0	0	0	0	3.25E-05	3.25E-05	9.76E-05	0.000195154	0.000455359	0.002536998	0.018799805	0.116701903	0.213107822	0.234834933	0.212067003	0.13667263	0.051845829	0.012619938
2010	2	1	1	1	0	0	100	0	0	0	0	0	0	0	0	0	0	0	8.19E-05	0.000354784	0.00150101	0.010397904	0.061677856	0.143660281	0.228153485	0.269663228	0.191419682	0.074859451	0.018230446
2011	2	1	1	1	0	0	100	0	0	0	0	0	0	0	0	1.71E-05	0	0.000188018	0.000529869	0.001179386	0.002119477	0.012409196	0.065481583	0.141816939	0.217639518	0.255824289	0.194376549	0.083292026	0.025126058
2012	2	1	1	1	0	0	100	0	0	0	0	0	0	0	0	2.16E-05	0	6.49E-05	0.000281227	0.000778783	0.003504521	0.025786354	0.124540302	0.20148834	0.214662744	0.203608359	0.144399256	0.060766668	0.020096915
2013	2	1	1	1	0	0	100	0	0	0	0	0	0	0	0	0	5.13E-05	0.000128159	0.000128159	0.000974009	0.007125647	0.063003025	0.218331881	0.259009586	0.19836469	0.128979341	0.079689342	0.03357769	0.010637207
2014	2	1	1	1	0	0	100	0	0	0	0	0	0	0	2.19E-05	2.19E-05	2.19E-05	2.19E-05	0.000349895	0.000612316	0.004417425	0.039975507	0.203354619	0.292402904	0.227213086	0.12696816	0.067026767	0.028254024	0.009337824
2015	2	1	1	1	0	0	100	0	0	0	0	0	0	0	0	0	3.26E-05	0.000195759	0.000228385	0.000489396	0.003099511	0.035203915	0.141566069	0.197096248	0.185905383	0.163947798	0.145089723	0.091190865	0.035954323
2016	2	1	1	1	0	0	100	0	0	0	0	0	0	0	0	0	9.82E-05	0.000147275	0.000147275	0.000589102	0.003289151	0.034756996	0.156210113	0.22670594	0.19592538	0.16185567	0.130829651	0.065243004	0.024202258
2017	2	1	1	1	0	0	100	0	0	0	0	0	0	6.55E-05	0	0.000131062	0	0.000262123	0.000262123	0.000524246	0.005176933	0.063433814	0.25491481	0.283355177	0.204652687	0.115072084	0.051245085	0.017103539	0.003800786
2018	2	1	1	1	0	0	100	0	0	0	0	0	0	4.56E-05	0	0	0.00018244	0.0004561	0.000957811	0.001505131	0.004515393	0.057012543	0.237080958	0.271470924	0.198677309	0.123466363	0.065587229	0.029190422	0.009851767
2019	2	1	1	1	0	0	100	0	0	0	0	0	0	0	0	0	6.44E-05	9.66E-05	0.000386274	0.000836928	0.009689049	0.096085753	0.293890427	0.269072298	0.161366124	0.086879547	0.046674821	0.0233696	0.011588232
2020	2	1	1	1	0	0	100	0	0	0	0	0	0	0	0	0	3.77E-05	0.00018848	0.00018848	0.00075392	0.005428227	0.073167973	0.283888721	0.304244572	0.194021411	0.087831725	0.03419029	0.011610374	0.00444813
2021	2	1	1	1	0	0	100	0	0	0	0	0	0	0	0	0	0	0	0.000138562	0.000415685	0.004711099	0.081335735	0.288069835	0.296106415	0.199944575	0.089233754	0.031453513	0.007066648	0.001524179
2024	2	1	1	1	0	0	100	0	0	0	0	0	0	0	0	0	0	0	0	0	0.001242236	0.014596273	0.09068323	0.193478261	0.251552795	0.227018634	0.147204969	0.054037267	0.020186335
# Total	males						
#Year	Season	Fleet	Sex	Type	Shell	Maturity	Nsamp	27.5	32.5	37.5	42.5	47.5	52.5	57.5	62.5	67.5	72.5	77.5	82.5	87.5	92.5	97.5	102.5	107.5	112.5	117.5	122.5	127.5	132.5																					
1992	2	1	1	0	0	0	100	0	0	0	7.35E-06	0	5.88E-05	0.000154419	0.000272071	0.001411827	0.005073753	0.011846111	0.022978955	0.037067812	0.057024575	0.087253849	0.137322235	0.185331706	0.207126785	0.152381723	0.071216377	0.019155257	0.004316367
1993	2	1	1	0	0	0	100	5.99E-06	0	0	0	0	5.99E-06	5.39E-05	0.000485039	0.002365312	0.01047923	0.028755008	0.044306185	0.052246448	0.076348677	0.105127637	0.142541483	0.168757523	0.16472751	0.121409367	0.057030965	0.020012336	0.005341413
1994	2	1	1	0	0	0	100	0	0	0	0	0	1.29E-05	0.00055626	0.003441049	0.015368296	0.051240589	0.087112882	0.092740162	0.086466068	0.089661328	0.102002536	0.121665675	0.121639802	0.100838271	0.070709684	0.038187886	0.014462756	0.003893819
1995	2	1	1	0	0	0	100	0	0	0	0	0	0	0.000512976	0.002209741	0.008128691	0.028161048	0.057190209	0.090441554	0.113985821	0.124732003	0.119155037	0.125179213	0.1179844	0.100424849	0.067975851	0.031712418	0.009983295	0.002222894
1996	2	1	1	0	0	0	100	0	0	0	7.79E-06	0	0	0.000101224	0.000654063	0.002359299	0.007739745	0.019349363	0.041649796	0.075061513	0.130306475	0.185411281	0.201225589	0.159599153	0.100079422	0.050144828	0.01970754	0.005606254	0.000988881
1997	2	1	1	0	0	0	100	0	0	0	3.68E-06	1.10E-05	9.94E-05	0.000239176	0.000776403	0.002332889	0.007072261	0.014873089	0.027954196	0.049520543	0.093768168	0.149536734	0.17626929	0.178878153	0.14593437	0.090633118	0.041980969	0.015402957	0.004713614
1998	2	1	1	0	0	0	100	0	0	0	0	0	8.87E-06	0.000133079	0.000585548	0.001747771	0.005429623	0.011542386	0.024131659	0.04225702	0.086403762	0.143095418	0.18238034	0.187969658	0.16334117	0.09860267	0.040322938	0.009927694	0.002120392
1999	2	1	1	0	0	0	100	1.97E-05	0	0	0	0	0	0.000236435	0.001536825	0.003960279	0.007861449	0.013181227	0.014678646	0.019486149	0.041691295	0.085963668	0.135043543	0.192635063	0.213638334	0.164085589	0.079087363	0.022421878	0.004472554
2000	2	1	1	0	0	0	100	0	0	0	0	0	1.54E-05	4.61E-05	0.000491846	0.001045173	0.002904966	0.008115461	0.019596994	0.031647223	0.05550176	0.105639323	0.16333902	0.192035167	0.19387959	0.139791888	0.06520035	0.016707398	0.00404236
2001	2	1	1	0	0	0	100	0	0	0	1.12E-05	1.12E-05	4.46E-05	0.000256502	0.000747201	0.00302226	0.010527724	0.02224874	0.040148102	0.053307758	0.08874961	0.142001606	0.191472989	0.170450997	0.135142972	0.084902083	0.042177811	0.011999822	0.00277691
2002	2	1	1	0	0	0	100	0	9.48E-05	8.13E-05	4.06E-05	2.71E-05	2.71E-05	0.000257327	0.001422071	0.00372447	0.011457825	0.026409881	0.052129043	0.08105802	0.136058291	0.185478628	0.196245734	0.14614822	0.091351102	0.046237608	0.017010672	0.003886993	0.000853242
2003	2	1	1	0	0	0	100	0	0	0	0	0	4.56E-05	9.11E-05	0.000410135	0.00129876	0.004215275	0.008476121	0.015015494	0.027752461	0.058421436	0.105609734	0.171231316	0.208940941	0.191464637	0.134547029	0.054570725	0.015243347	0.002665877
2004	2	1	1	0	0	0	100	0	0	0	2.27E-05	0	4.54E-05	0.00027248	0.003065395	0.006108084	0.01239782	0.013805631	0.017415985	0.025158946	0.043165304	0.068982743	0.119028156	0.17263851	0.209264305	0.167052679	0.101112625	0.032992734	0.007470481
2005	2	1	1	0	0	0	100	0	0	0	0	2.38E-05	0.000126726	0.000388097	0.000950442	0.002486991	0.005552167	0.01571398	0.032021987	0.043807472	0.049486365	0.067734858	0.097143129	0.13487569	0.175190286	0.17728126	0.123985205	0.054903887	0.018327697
2006	2	1	1	0	0	0	100	0	0	0	0	0	5.90E-06	7.66E-05	0.000495201	0.001008088	0.003719905	0.01269248	0.0389971	0.062477893	0.080818025	0.135909166	0.225275308	0.229490414	0.120823213	0.04889523	0.02526116	0.010534817	0.003519466
2007	2	1	1	0	0	0	100	0	0	4.49E-06	0	0	4.49E-06	3.59E-05	0.000354723	0.000956405	0.003223938	0.00738632	0.019999192	0.036585859	0.074393042	0.141601821	0.229447395	0.234305753	0.145629499	0.06750064	0.029109735	0.007709612	0.001751164
2008	2	1	1	0	0	0	100	0	0	0	0	5.20E-06	0	1.04E-05	0.000176879	0.000525434	0.001446244	0.004302317	0.011944522	0.026557834	0.063785623	0.145035428	0.221837251	0.229755179	0.158811166	0.08411108	0.038944554	0.010789608	0.001961274
2009	2	1	1	0	0	0	100	0	0	0	0	0	0	7.72E-05	0.000218685	0.000977649	0.002495578	0.005859463	0.010715549	0.019199228	0.047223026	0.104396205	0.166515517	0.19029426	0.187097604	0.147547837	0.083936324	0.027399904	0.006045988
2010	2	1	1	0	0	0	100	0	0	0	0	0	0	5.31E-06	4.78E-05	0.000180508	0.000472507	0.001157377	0.002362535	0.006354954	0.020800926	0.05874483	0.109993257	0.165972064	0.222970211	0.220862511	0.135678525	0.044989037	0.009407667
2011	2	1	1	0	0	0	100	0	0	0	0	6.05E-06	0.00018144	0.00087696	0.002068415	0.002328479	0.003737662	0.007251548	0.013964825	0.01642636	0.027040594	0.056742307	0.100312077	0.146355477	0.197285659	0.209629621	0.143760886	0.055629476	0.016402168
2012	2	1	1	0	0	0	100	0	4.27E-06	0	0	4.27E-06	8.54E-06	0.000205018	0.00084997	0.001721295	0.004207136	0.009943364	0.020886189	0.030329822	0.05106652	0.105720851	0.164462725	0.176050503	0.164441369	0.138720176	0.086854941	0.034810316	0.009695634
2013	2	1	1	0	0	0	100	0	0	0	0	0	4.17E-05	0.000166635	0.000866504	0.00190381	0.005865567	0.016092816	0.036122394	0.056514404	0.102118353	0.177516716	0.20225791	0.16643546	0.109204524	0.069574455	0.037692933	0.013780749	0.003836781
2014	2	1	1	0	0	0	100	0	0	0	0	0	1.43E-05	0.000166476	0.00093702	0.002468596	0.008651976	0.02358246	0.044230193	0.055707498	0.080911906	0.147982553	0.206967242	0.194819279	0.123472586	0.064259588	0.031416327	0.01128229	0.003124985
2015	2	1	1	0	0	0	100	0	0	0	0	6.69E-06	6.69E-06	0.000234211	0.000682557	0.002649928	0.007220386	0.019452883	0.035927943	0.056819551	0.095230129	0.142333275	0.159939239	0.145204031	0.112508197	0.092506591	0.073696115	0.04045825	0.015116637
2016	2	1	1	0	0	0	100	0	0	0	0	0	1.11E-05	0.000132882	0.000509379	0.002148252	0.007784643	0.019721835	0.037140389	0.055511262	0.088333001	0.139403805	0.164064403	0.147764268	0.116348858	0.092574137	0.074612983	0.039045025	0.014893806
2017	2	1	1	0	0	0	100	0	0	0	0	0	9.29E-05	0.000522806	0.002311964	0.005239677	0.014673421	0.031403211	0.049538769	0.071647652	0.122429537	0.188547064	0.194112043	0.15060297	0.094058601	0.047563724	0.020215164	0.005309385	0.001731069
2018	2	1	1	0	0	0	100	0	0	0	0	2.17E-05	9.75E-05	0.000671865	0.002253997	0.005467027	0.016043476	0.04263631	0.076760529	0.102275129	0.138284903	0.180113892	0.173492775	0.123352171	0.071927439	0.039092766	0.01846544	0.00689203	0.00215105
2019	2	1	1	0	0	0	100	0	0	0	0	3.06E-06	3.98E-05	0.000287473	0.001021447	0.003174438	0.010459131	0.029294743	0.06719839	0.115096319	0.18667103	0.236012441	0.169514384	0.09477441	0.047527883	0.022588054	0.010388792	0.00425705	0.001691199
2020	2	1	1	0	0	0	100	0	0	0	0	0	0	4.12E-05	0.000188456	0.001071843	0.004976414	0.015288485	0.040512129	0.078509549	0.14512282	0.201865713	0.207849188	0.153108639	0.088014794	0.038498006	0.016796132	0.006154263	0.002002344
2021	2	1	1	0	0	0	100	0	0	0	0	0	0	0	7.13E-05	0.000392143	0.00167552	0.005739546	0.015543118	0.037610067	0.093330006	0.174432284	0.231150405	0.205589819	0.141920074	0.063812342	0.022387794	0.005668247	0.000677338
2024	2	1	1	0	0	0	100	0	0	0	0	0	0	0	3.94E-05	0.000157425	0.00173167	0.006100201	0.018418671	0.02880869	0.04947066	0.086780275	0.157149042	0.194773505	0.197528435	0.148648117	0.077649652	0.026093117	0.006651187
# Discard	females							1	2	3	4	5	6	7	8	9	10	11	12	13	14	15	16	17	18	19	20	21	22
#Year	Season	Fleet	Sex	Type	Shell	Maturity	Nsamp	27.5	32.5	37.5	42.5	47.5	52.5	57.5	62.5	67.5	72.5	77.5	82.5	87.5	92.5	97.5	102.5	107.5	112.5	117.5	122.5	127.5	132.5
1992	2	1	2	2	0	0	100	0	0	0	0	0.003645833	0.045833333	0.083333333	0.159375	0.219270833	0.231770833	0.1359375	0.075	0.020833333	0.01875	0.004166667	0.002083333	0	0	0	0	0	0
1993	2	1	2	2	0	0	100	0	0	0	0.000785546	0.005498822	0.041633936	0.126472899	0.257659073	0.300078555	0.170463472	0.035349568	0.018067557	0.020424195	0.00785546	0.011783189	0.00392773	0	0	0	0	0	0
1994	2	1	2	2	0	0	100	0	0	0	0	0.001855288	0.018552876	0.07606679	0.148423006	0.239332096	0.350649351	0.087198516	0.018552876	0.022263451	0.014842301	0.011131725	0.003710575	0.00742115	0	0	0	0	0
1995	2	1	2	2	0	0	100	0	0	0	0	0.007352941	0.022058824	0.117647059	0.183823529	0.360294118	0.176470588	0.073529412	0.036764706	0.014705882	0	0.007352941	0	0	0	0	0	0	0
1996	2	1	2	2	0	0	100	0	0	0	0	0.001270648	0.005082592	0.108005083	0.269377382	0.306226175	0.254129606	0.041931385	0.003811944	0.00635324	0.002541296	0	0	0	0.001270648	0	0	0	0
1997	2	1	2	2	0	0	100	0	0	0.000938086	0.001876173	0.024390244	0.109756098	0.21575985	0.304878049	0.236397749	0.076923077	0.020637899	0.005628518	0.000938086	0	0.000938086	0	0	0.000938086	0	0	0	0
1998	2	1	2	2	0	0	100	0	0	0	0.009009009	0.027027027	0.072072072	0.18018018	0.369369369	0.288288288	0.018018018	0	0.009009009	0	0.018018018	0.009009009	0	0	0	0	0	0	0
1999	2	1	2	2	0	0	100	0	0	0	0	0	0.01	0.03	0.11	0.38	0.34	0.07	0.04	0.02	0	0	0	0	0	0	0	0	0
2000	2	1	2	2	0	0	100	0	0	0	0	0	0.066666667	0	0.266666667	0	0.333333333	0.133333333	0.133333333	0.066666667	0	0	0	0	0	0	0	0	0
2001	2	1	2	2	0	0	100	0	0	0	0.001792115	0.037634409	0.247311828	0.403225806	0.17562724	0.08781362	0.028673835	0.001792115	0	0.001792115	0.003584229	0.001792115	0.001792115	0.005376344	0	0.001792115	0	0	0
2002	2	1	2	2	0	0	100	0	0	0	0	0	0.031746032	0.19047619	0.285714286	0.349206349	0.111111111	0.031746032	0	0	0	0	0	0	0	0	0	0	0
2003	2	1	2	2	0	0	100	0	0	0	0	0	0	0	0.272727273	0.272727273	0.090909091	0.181818182	0.136363636	0.045454545	0	0	0	0	0	0	0	0	0
2004	2	1	2	2	0	0	100	0	0	0	0	0	0.222222222	0.222222222	0.111111111	0.222222222	0	0.111111111	0	0	0.111111111	0	0	0	0	0	0	0	0
2005	2	1	2	2	0	0	100	0.007575758	0	0	0	0	0.068181818	0.227272727	0.295454545	0.196969697	0.106060606	0.075757576	0.022727273	0	0	0	0	0	0	0	0	0	0
2006	2	1	2	2	0	0	100	0	0	0	0	0	0	0.035087719	0.140350877	0.333333333	0.263157895	0.157894737	0.01754386	0.052631579	0	0	0	0	0	0	0	0	0
2007	2	1	2	2	0	0	100	0	0	0	0	0	0	0.010958904	0.205479452	0.257534247	0.304109589	0.134246575	0.038356164	0.032876712	0.010958904	0.002739726	0.002739726	0	0	0	0	0	0
2008	2	1	2	2	0	0	100	0	0	0	0	0	0	0.021691974	0.164859002	0.264642082	0.368763557	0.160520607	0.013015184	0.004338395	0.002169197	0	0	0	0	0	0	0	0
2009	2	1	2	2	0	0	100	0	0	0	0	0	0.004065041	0.004065041	0.093495935	0.321138211	0.386178862	0.150406504	0.028455285	0.004065041	0.008130081	0	0	0	0	0	0	0	0
2010	2	1	2	2	0	0	100	0	0	0	0	0	0.017241379	0.090517241	0.237068966	0.284482759	0.273706897	0.066810345	0.015086207	0.010775862	0	0.004310345	0	0	0	0	0	0	0
2011	2	1	2	2	0	0	100	0	0	0.000356697	0.004815409	0.030497592	0.264847512	0.299268771	0.19047619	0.152309613	0.045835563	0.007847334	0.001783485	0.000535045	0.000535045	0.000891742	0	0	0	0	0	0	0
2012	2	1	2	2	0	0	100	0	0	0	0.001866833	0.008089608	0.030491599	0.058494088	0.092097075	0.146857498	0.338518979	0.242688239	0.065339141	0.013690106	0.000622278	0.001244555	0	0	0	0	0	0	0
2013	2	1	2	2	0	0	100	0	0	0	0	0.000340716	0.00988075	0.044293015	0.09846678	0.182964225	0.379897785	0.232708688	0.040545145	0.007495741	0.002044293	0.000340716	0	0	0	0	0	0	0
2014	2	1	2	2	0	0	100	0	0	0	0	0.0001734	0.010924224	0.035200277	0.078897174	0.228021502	0.394832669	0.215363274	0.028090862	0.005722213	0.002080805	0.000520201	0.0001734	0	0	0	0	0	0
2015	2	1	2	2	0	0	100	0	0	0	0	0.000433651	0.018647008	0.050303556	0.116652212	0.256287944	0.365134432	0.163486557	0.021248916	0.005203816	0.000433651	0.000433651	0.000433651	0.000433651	0	0	0	0	0
2016	2	1	2	2	0	0	100	0	0	0	0	0	0.006393862	0.023017903	0.069053708	0.219948849	0.398976982	0.223785166	0.040920716	0.008951407	0.00511509	0.002557545	0	0.001278772	0	0	0	0	0
2017	2	1	2	2	0	0	100	0	0	0	0.001908397	0.001908397	0.011450382	0.047709924	0.160305344	0.38740458	0.282442748	0.06870229	0.015267176	0.019083969	0.003816794	0	0	0	0	0	0	0	0
2018	2	1	2	2	0	0	100	0	0	0	0.00390625	0.04296875	0.12890625	0.25	0.255859375	0.23046875	0.064453125	0.01171875	0.009765625	0.001953125	0	0	0	0	0	0	0	0	0
2019	2	1	2	2	0	0	100	0	0	0	0	0.001843318	0.017511521	0.133640553	0.371428571	0.382488479	0.070046083	0.014746544	0.004608295	0.001843318	0.001843318	0	0	0	0	0	0	0	0
2020	2	1	2	2	0	0	100	0	0	0	0.055555556	0	0.277777778	0.111111111	0.166666667	0.388888889	0	0	0	0	0	0	0	0	0	0	0	0	0
2021	2	1	2	2	0	0	10	0	0	0	0	0	1	0	0	0	0	0	0	0	0	0	0	0	0	0	0	0	0
2024	2	1	2	2	0	0	10	0	0	0	0	0	1	0	0	0	0	0	0	0	0	0	0	0	0	0	0	0	0
# Trawl bycatch female				
#Year	Season	Fleet	Sex	Type	Shell	Maturity	Nsamp	DataVec																					
1991	2	2	2	2	0	0	100	0.054 0.051 0.037 0.052 0.081 0.133 0.142 0.152 0.134 0.087 0.029 0.011 0.005 0.004 0.003 0.004 0.003 0.005 0.003 0.001 0.003 0.004
1992	2	2	2	2	0	0	100	0.028 0.161 0.177 0.174 0.142 0.087 0.1 0.055 0.035 0.017 0.007 0.001 0.002 0.002 0.003 0.002 0.001 0.003 0.001 0.001 0 0
1993	2	2	2	2	0	0	100	0 0.002 0.01 0.112 0.327 0.26 0.199 0.067 0.019 0.003 0 0.001 0.001 0 0 0 0 0 0 0 0 0
1994	2	2	2	2	0	0	100	0 0 0 0.009 0.009 0.161 0.136 0.243 0.159 0.102 0.048 0.039 0.023 0.011 0.02 0.005 0.005 0 0.011 0.005 0.009 0.005
1995	2	2	2	2	0	0	100	0.02 0.014 0.003 0.017 0.042 0.127 0.133 0.21 0.207 0.105 0.025 0.04 0.011 0.017 0.017 0.008 0.003 0 0 0 0 0
1996	2	2	2	2	0	0	100	0.002 0.002 0.004 0.014 0.07 0.125 0.183 0.187 0.206 0.1 0.033 0.027 0.011 0.011 0.007 0.009 0.002 0.002 0.002 0.001 0.001 0
1997	2	2	2	2	0	0	100	0.008 0.067 0.059 0.168 0.158 0.144 0.196 0.098 0.047 0.019 0.009 0.009 0.008 0.004 0.003 0.002 0.001 0.001 0 0 0 0
1998	2	2	2	2	0	0	100	0.02 0.028 0.046 0.17 0.222 0.148 0.121 0.08 0.047 0.026 0.019 0.013 0.011 0.011 0.01 0.01 0.004 0.005 0.005 0.002 0.001 0.001
1999	2	2	2	2	0	0	100	0.003 0.006 0.027 0.072 0.072 0.135 0.237 0.211 0.112 0.044 0.014 0.007 0.007 0.004 0.006 0.007 0.008 0.011 0.008 0.005 0.004 0.001
2000	2	2	2	2	0	0	100	0.006 0.014 0.016 0.029 0.05 0.134 0.219 0.187 0.128 0.099 0.033 0.025 0.018 0.007 0.006 0.003 0.006 0.008 0.005 0.004 0.001 0.001
2001	2	2	2	2	0	0	100	0.01 0.027 0.06 0.078 0.055 0.143 0.163 0.131 0.126 0.091 0.038 0.023 0.012 0.01 0.012 0.004 0.005 0.006 0.003 0.004 0 0
2002	2	2	2	2	0	0	100	0.004 0.007 0.014 0.032 0.078 0.185 0.241 0.17 0.103 0.043 0.03 0.03 0.018 0.014 0.01 0.007 0.002 0.005 0.005 0.002 0.002 0
2003	2	2	2	2	0	0	100	0.023 0.324 0.16 0.058 0.046 0.069 0.083 0.079 0.06 0.035 0.018 0.01 0.004 0.005 0.004 0.003 0.005 0.005 0.006 0.003 0.002 0
2004	2	2	2	2	0	0	100	0.016 0.031 0.04 0.104 0.238 0.308 0.134 0.05 0.038 0.017 0.008 0.006 0.003 0.002 0.001 0.001 0.001 0.001 0.001 0 0 0
2005	2	2	2	2	0	0	100	0.005 0.006 0.01 0.026 0.125 0.258 0.242 0.129 0.091 0.045 0.022 0.012 0.006 0.006 0.003 0.005 0.004 0.002 0.002 0.002 0.002 0.001
2006	2	2	2	2	0	0	100	0 0.001 0.001 0.009 0.027 0.12 0.254 0.281 0.178 0.076 0.026 0.009 0.004 0.004 0.001 0.003 0.002 0 0.001 0 0.001 0
2007	2	2	2	2	0	0	100	0 0.002 0.002 0.009 0.037 0.12 0.237 0.225 0.171 0.077 0.033 0.018 0.016 0.014 0.014 0.01 0.007 0.004 0.001 0.001 0 0
2008	2	2	2	2	0	0	100	0.005 0.007 0.006 0.012 0.048 0.12 0.172 0.203 0.191 0.117 0.042 0.021 0.017 0.012 0.011 0.005 0.004 0.002 0.003 0 0.002 0
2009	2	2	2	2	0	0	100	0.001 0.002 0.003 0.007 0.039 0.184 0.279 0.217 0.16 0.062 0.018 0.006 0.005 0.004 0.004 0.002 0.003 0.002 0.001 0.001 0 0
2010	2	2	2	2	0	0	100	0.002 0.025 0.011 0.041 0.146 0.173 0.215 0.141 0.095 0.048 0.028 0.016 0.008 0.007 0.008 0.005 0.007 0.006 0.004 0.009 0.003 0.002
2011	2	2	2	2	0	0	100	0.001 0.003 0.006 0.042 0.114 0.124 0.122 0.174 0.194 0.099 0.042 0.013 0.006 0.004 0.005 0.006 0.013 0.013 0.008 0.004 0.004 0.003
2012	2	2	2	2	0	0	100	0.002 0.001 0.004 0.011 0.036 0.099 0.153 0.21 0.21 0.142 0.066 0.028 0.011 0.006 0.006 0.004 0.001 0.002 0.002 0.003 0.003 0
2013	2	2	2	2	0	0	100	0.004 0.029 0.023 0.022 0.066 0.141 0.127 0.098 0.112 0.13 0.13 0.06 0.025 0.009 0.008 0.005 0.005 0.004 0.002 0.001 0.001 0.001
2014	2	2	2	2	0	0	100	0.002 0.023 0.023 0.102 0.164 0.141 0.169 0.116 0.115 0.08 0.025 0.009 0.009 0.005 0.002 0.003 0.002 0.001 0.003 0.003 0.001 0.001
2015	2	2	2	2	0	0	100	0.008 0.015 0.023 0.076 0.124 0.137 0.214 0.221 0.089 0.053 0.017 0.008 0.003 0.004 0.004 0.001 0.002 0.002 0.001 0 0 0
2016	2	2	2	2	0	0	100	0.002 0.006 0.032 0.064 0.115 0.194 0.16 0.115 0.087 0.07 0.046 0.038 0.02 0.012 0.014 0.006 0.011 0.004 0.004 0.002 0 0
2017	2	2	2	2	0	0	100	0.003 0.007 0.045 0.169 0.16 0.202 0.129 0.099 0.053 0.041 0.028 0.01 0.013 0.008 0.008 0.01 0.003 0.001 0.006 0 0.003 0.003
2018	2	2	2	2	0	0	100	0.004 0.006 0.008 0.053 0.134 0.293 0.24 0.138 0.069 0.02 0.007 0.008 0.004 0.005 0.003 0.001 0.002 0.001 0 0.001 0 0
2019	2	2	2	2	0	0	100	0.002 0.004 0.009 0.027 0.127 0.298 0.226 0.155 0.076 0.026 0.017 0.014 0.008 0.006 0.002 0.001 0.001 0.001 0 0 0.001 0
2020	2	2	2	2	0	0	100	0.008 0.012 0.015 0.048 0.181 0.296 0.207 0.096 0.055 0.017 0.012 0.015 0.012 0.008 0.007 0.008 0 0.002 0.002 0 0 0
2021	2	2	2	2	0	0	100	0 0.019 0.041 0.056 0.071 0.152 0.1 0.16 0.104 0.067 0.048 0.03 0.045 0.022 0.033 0.019 0.022 0 0.004 0.004 0.004 0
2022	2	2	2	2	0	0	100	0.01 0.055 0.039 0.074 0.141 0.119 0.161 0.116 0.077 0.042 0.064 0.029 0.035 0.016 0.003 0.006 0.006 0.006 0 0 0 0
2023	2	2	2	2	0	0	100	0.083 0.092 0.076 0.071 0.138 0.112 0.101 0.136 0.082 0.032 0.032 0.014 0.008 0.011 0.004 0.004 0.004 0.001 0 0 0 0.001
2024	2	2	2	2	0	0	100	0.005 0.056 0.083 0.04 0.115 0.135 0.162 0.165 0.057 0.067 0.048 0.023 0.016 0.008 0.009 0.003 0.003 0.001 0.001 0.001 0.001 0.001
# Trawl bycatch male				
#Year	Season	Fleet	Sex	Type	Shell	Maturity	Nsamp	DataVec																					
1991	2	2	1	2	0	0	100	0.015 0.019 0.012 0.021 0.024 0.021 0.021 0.022 0.021 0.022 0.035 0.045 0.067 0.093 0.091 0.078 0.073 0.08 0.092 0.07 0.052 0.025
1992	2	2	1	2	0	0	100	0.011 0.055 0.075 0.097 0.121 0.068 0.067 0.052 0.042 0.029 0.036 0.028 0.028 0.026 0.035 0.033 0.039 0.056 0.043 0.033 0.019 0.006
1993	2	2	1	2	0	0	100	0 0.001 0.002 0.023 0.047 0.073 0.12 0.104 0.064 0.053 0.044 0.031 0.028 0.036 0.049 0.069 0.076 0.071 0.058 0.03 0.013 0.008
1994	2	2	1	2	0	0	100	0 0 0 0.002 0.002 0.019 0.024 0.039 0.056 0.074 0.072 0.058 0.054 0.066 0.068 0.083 0.102 0.108 0.076 0.052 0.032 0.013
1995	2	2	1	2	0	0	100	0.001 0.003 0.001 0.005 0.015 0.03 0.053 0.073 0.095 0.094 0.112 0.101 0.098 0.079 0.065 0.051 0.037 0.035 0.026 0.015 0.009 0.004
1996	2	2	1	2	0	0	100	0 0.001 0.001 0.002 0.002 0.008 0.028 0.06 0.088 0.093 0.084 0.067 0.073 0.088 0.095 0.087 0.072 0.061 0.044 0.027 0.013 0.006
1997	2	2	1	2	0	0	100	0.002 0.006 0.006 0.011 0.008 0.012 0.03 0.052 0.073 0.081 0.073 0.055 0.052 0.054 0.066 0.073 0.082 0.094 0.082 0.054 0.026 0.008
1998	2	2	1	2	0	0	100	0.002 0.002 0.004 0.008 0.007 0.007 0.015 0.026 0.041 0.052 0.056 0.057 0.064 0.086 0.105 0.102 0.102 0.093 0.079 0.055 0.027 0.01
1999	2	2	1	2	0	0	100	0 0.001 0.005 0.008 0.009 0.016 0.032 0.049 0.055 0.058 0.053 0.048 0.053 0.066 0.081 0.086 0.102 0.107 0.091 0.053 0.021 0.006
2000	2	2	1	2	0	0	100	0.002 0.001 0.002 0.004 0.008 0.019 0.032 0.041 0.05 0.064 0.058 0.048 0.047 0.053 0.065 0.083 0.103 0.118 0.105 0.061 0.027 0.008
2001	2	2	1	2	0	0	100	0.001 0.001 0.003 0.002 0.002 0.004 0.016 0.035 0.055 0.07 0.069 0.055 0.05 0.056 0.077 0.091 0.107 0.112 0.097 0.062 0.025 0.009
2002	2	2	1	2	0	0	100	0 0 0.001 0.002 0.004 0.01 0.017 0.022 0.031 0.037 0.045 0.052 0.063 0.087 0.122 0.132 0.125 0.107 0.077 0.043 0.017 0.005
2003	2	2	1	2	0	0	100	0.001 0.044 0.022 0.009 0.004 0.006 0.015 0.029 0.044 0.05 0.051 0.051 0.059 0.069 0.088 0.104 0.107 0.102 0.075 0.047 0.018 0.005
2004	2	2	1	2	0	0	100	0.003 0.004 0.005 0.011 0.023 0.031 0.034 0.051 0.052 0.05 0.05 0.049 0.054 0.062 0.073 0.083 0.082 0.091 0.089 0.061 0.033 0.011
2005	2	2	1	2	0	0	100	0 0.001 0.001 0.003 0.008 0.012 0.016 0.035 0.051 0.054 0.067 0.078 0.081 0.065 0.067 0.069 0.075 0.085 0.089 0.08 0.044 0.018
2006	2	2	1	2	0	0	100	0 0 0 0 0.001 0.003 0.007 0.018 0.028 0.031 0.035 0.048 0.062 0.071 0.088 0.12 0.139 0.138 0.1 0.063 0.033 0.014
2007	2	2	1	2	0	0	100	0 0 0 0.001 0.002 0.005 0.012 0.026 0.036 0.046 0.049 0.064 0.082 0.08 0.096 0.119 0.129 0.106 0.072 0.043 0.022 0.009
2008	2	2	1	2	0	0	100	0 0.001 0 0.001 0.001 0.002 0.007 0.02 0.03 0.034 0.034 0.039 0.046 0.061 0.091 0.141 0.168 0.144 0.094 0.054 0.023 0.009
2009	2	2	1	2	0	0	100	0 0.001 0 0.001 0.001 0.002 0.007 0.017 0.024 0.03 0.039 0.052 0.07 0.093 0.115 0.122 0.126 0.111 0.092 0.061 0.028 0.01
2010	2	2	1	2	0	0	100	0.001 0.003 0.001 0.003 0.006 0.009 0.019 0.032 0.031 0.024 0.029 0.033 0.043 0.061 0.077 0.09 0.102 0.116 0.128 0.109 0.063 0.022
2011	2	2	1	2	0	0	100	0 0.001 0.001 0.006 0.012 0.007 0.013 0.024 0.028 0.027 0.034 0.039 0.039 0.045 0.061 0.081 0.094 0.122 0.132 0.124 0.077 0.031
2012	2	2	1	2	0	0	100	0 0.001 0.001 0.002 0.004 0.015 0.041 0.058 0.044 0.033 0.044 0.053 0.051 0.046 0.06 0.08 0.095 0.1 0.108 0.089 0.053 0.024
2013	2	2	1	2	0	0	100	0.001 0.004 0.002 0.002 0.002 0.004 0.009 0.02 0.024 0.032 0.05 0.064 0.065 0.067 0.093 0.112 0.117 0.107 0.094 0.073 0.042 0.016
2014	2	2	1	2	0	0	100	0.002 0.003 0.002 0.008 0.013 0.01 0.016 0.024 0.033 0.043 0.047 0.049 0.052 0.062 0.09 0.126 0.129 0.106 0.086 0.06 0.032 0.01
2015	2	2	1	2	0	0	100	0.002 0.001 0.005 0.016 0.018 0.019 0.046 0.066 0.051 0.052 0.055 0.068 0.06 0.051 0.054 0.059 0.064 0.058 0.064 0.083 0.073 0.037
2016	2	2	1	2	0	0	100	0.001 0.001 0.003 0.007 0.012 0.021 0.035 0.044 0.043 0.048 0.066 0.073 0.078 0.086 0.09 0.09 0.079 0.065 0.051 0.048 0.039 0.02
2017	2	2	1	2	0	0	100	0.001 0.001 0.006 0.013 0.026 0.033 0.04 0.043 0.041 0.044 0.047 0.052 0.058 0.084 0.101 0.092 0.085 0.077 0.061 0.049 0.034 0.013
2018	2	2	1	2	0	0	100	0 0 0.001 0.003 0.016 0.076 0.15 0.166 0.13 0.105 0.089 0.071 0.053 0.039 0.035 0.024 0.016 0.01 0.006 0.005 0.002 0.001
2019	2	2	1	2	0	0	100	0.003 0.008 0.01 0.014 0.018 0.024 0.044 0.068 0.094 0.116 0.118 0.1 0.093 0.083 0.068 0.055 0.034 0.023 0.014 0.008 0.004 0.002
2020	2	2	1	2	0	0	100	0 0.001 0.002 0.003 0.004 0.012 0.022 0.035 0.041 0.055 0.067 0.098 0.115 0.132 0.134 0.108 0.077 0.051 0.024 0.011 0.005 0.003
2021	2	2	1	2	0	0	100	0.001 0.002 0.004 0.004 0.004 0.004 0.009 0.015 0.023 0.031 0.05 0.088 0.141 0.158 0.155 0.127 0.091 0.053 0.024 0.009 0.004 0.002
2022	2	2	1	2	0	0	100	0.001 0.003 0.005 0.006 0.007 0.012 0.017 0.022 0.025 0.035 0.047 0.064 0.077 0.117 0.156 0.142 0.117 0.082 0.042 0.015 0.004 0.002
2023	2	2	1	2	0	0	100	0.008 0.012 0.025 0.034 0.054 0.063 0.089 0.098 0.075 0.058 0.047 0.043 0.048 0.057 0.067 0.068 0.061 0.045 0.027 0.013 0.006 0.002
2024	2	2	1	2	0	0	100	0 0.009 0.02 0.028 0.081 0.08 0.059 0.06 0.045 0.033 0.034 0.044 0.06 0.065 0.076 0.083 0.079 0.06 0.042 0.027 0.013 0.004
# Survey immature females																													
# Year	Season	Fleet	Sex	Type	Shell	Maturity	Nsamp	DataVec																					
1982	1	3	2	2	0	2	100	0.0279	0.0342	0.014	0.0485	0.2125	0.4795	0.1375	0.0326	0.0099	0.0019	4.00E-04	0	0	0	0	0	0	0	0	0	0	0
1983	1	3	2	2	0	2	100	0.2703	0.161	0.026	0.0541	0.1754	0.1442	0.0158	0.0044	2.00E-04	0	0	0	0	0	0	0	0	0	0	0	0	0
1984	1	3	2	2	0	2	100	0.0934	0.1068	0.0926	0.3017	0.3317	0.05	0.0129	8.00E-04	1.00E-04	2.00E-04	0	0	0	0	0	0	0	0	0	0	0	0
1985	1	3	2	2	0	2	100	0.0912	0.1423	0.1972	0.3366	0.1379	0.0721	0.0153	0.0034	1.00E-04	0	0	0	0	0	0	0	0	0	0	0	0	0
1986	1	3	2	2	0	2	100	0.0332	0.1062	0.1698	0.3212	0.1822	0.112	0.0644	0.0079	0.0023	1.00E-04	0	0	0	0	0	0	0	0	0	0	0	0
1987	1	3	2	2	0	2	100	0.0058	0.0147	0.1182	0.343	0.2527	0.1515	0.0944	0.0151	0.0039	3.00E-04	1.00E-04	0	0	0	0	0	0	0	0	0	0	0
1988	1	3	2	2	0	2	100	0.013	0.0781	0.1301	0.2533	0.2725	0.14	0.0889	0.0194	0.0041	1.00E-04	0	0	0	0	0	0	0	0	0	0	0	0
1989	1	4	2	2	0	2	100	0.0028	0.017	0.0711	0.2551	0.2757	0.1805	0.1411	0.0484	0.0054	0.0018	7.00E-04	0	0	0	0	0	0	0	0	0	0	0
1990	1	4	2	2	0	2	100	0.0045	0.1064	0.2134	0.1517	0.2111	0.1479	0.1108	0.039	0.0074	0.0072	1.00E-04	0	0	0	0	0	0	0	0	0	0	0
1991	1	4	2	2	0	2	100	0.0807	0.0806	0.0949	0.2116	0.2712	0.1355	0.0709	0.027	0.0014	4.00E-04	0	0	0	0	0	0	0	0	0	0	0	0
1992	1	4	2	2	0	2	100	0.0506	0.1323	0.1749	0.3419	0.1773	0.0529	0.0409	0.0116	0.0016	1.00E-04	1.00E-04	0	0	0	0	0	0	0	0	0	0	0
1993	1	4	2	2	0	2	100	0.0755	0.1487	0.1913	0.3159	0.2053	0.0497	0.0066	0.0024	2.00E-04	0	0	0	0	0	0	0	0	0	0	0	0	0
1994	1	4	2	2	0	2	100	0.0741	0.1354	0.2411	0.3252	0.1457	0.0477	0.017	0.0046	8.00E-04	1.00E-04	0	0	0	0	0	0	0	0	0	0	0	0
1995	1	4	2	2	0	2	100	0.0156	0.0886	0.1905	0.2747	0.3092	0.1032	0.0143	0.0017	6.00E-04	3.00E-04	0	0	0	0	0	0	0	0	0	0	0	0
1996	1	4	2	2	0	2	100	0.0123	0.0074	0.0763	0.2773	0.406	0.1868	0.0313	0.002	5.00E-04	1.00E-04	0	0	0	0	0	0	0	0	0	0	0	0
1997	1	4	2	2	0	2	100	0.0096	0.0137	0.0384	0.182	0.471	0.2444	0.0375	0.0024	4.00E-04	0	0	0	0	0	0	0	0	0	0	0	0	0
1998	1	4	2	2	0	2	100	0.0349	0.0161	0.0351	0.1951	0.3439	0.1759	0.1742	0.0219	4.00E-04	1.00E-04	0	0	0	0	0	0	0	0	0	0	0	0
1999	1	4	2	2	0	2	100	0.0898	0.178	0.1323	0.1525	0.2029	0.0929	0.0716	0.0516	0.0218	0.0041	0	0	0	0	0	0	0	0	0	0	0	0
2000	1	4	2	2	0	2	100	0.053	0.0762	0.1469	0.2853	0.2292	0.1393	0.0573	0.0089	0.0018	7.00E-04	0	0	0	0	0	0	0	0	0	0	0	0
2001	1	4	2	2	0	2	100	0.0122	0.0337	0.1464	0.3487	0.0893	0.2244	0.1261	0.0144	0.0039	2.00E-04	0	0	0	0	0	0	0	0	0	0	0	0
2002	1	4	2	2	0	2	100	0.0278	0.0769	0.0965	0.2037	0.2157	0.2532	0.1152	0.0088	5.00E-04	0	0	0	0	0	0	0	0	0	0	0	0	0
2003	1	4	2	2	0	2	100	0.0556	0.1349	0.1017	0.2487	0.2513	0.1351	0.0509	0.0067	6.00E-04	1.00E-04	0	0	0	0	0	0	0	0	0	0	0	0
2004	1	4	2	2	0	2	100	0.0267	0.2492	0.4096	0.1616	0.1138	0.029	0.0056	9.00E-04	4.00E-04	2.00E-04	0	0	0	0	0	0	0	0	0	0	0	0
2005	1	4	2	2	0	2	100	0.0112	0.0513	0.077	0.2499	0.3247	0.2117	0.0549	0.0162	0.0018	1.00E-04	0	0	0	0	0	0	0	0	0	0	0	0
2006	1	4	2	2	0	2	100	0.0336	0.0613	0.1478	0.2971	0.1571	0.1015	0.1334	0.0594	0.0051	0.0025	9.00E-04	0	0	0	0	0	0	0	0	0	0	0
2007	1	4	2	2	0	2	100	0.0054	0.0134	0.0382	0.09	0.3	0.3512	0.1688	0.0263	0.0047	0.001	3.00E-04	0	1.00E-04	0	0	0	0	0	0	0	0	0
2008	1	4	2	2	0	2	100	0.0828	0.132	0.0774	0.1573	0.1651	0.2078	0.1158	0.029	0.0081	8.00E-04	1.00E-04	0	1.00E-04	0	0	0	0	0	0	0	0	0
2009	1	4	2	2	0	2	100	0.0825	0.1413	0.1731	0.1732	0.2978	0.0964	0.0263	0.0043	6.00E-04	3.00E-04	1.00E-04	0	0	0	0	0	0	0	0	0	0	0
2010	1	4	2	2	0	2	100	0.0392	0.0424	0.0952	0.4397	0.3196	0.0355	0.0185	0.0028	2.00E-04	0	0	0	0	0	0	0	0	0	0	0	0	0
2011	1	4	2	2	0	2	100	0.0693	0.0782	0.1322	0.2352	0.2019	0.1239	0.0863	0.0578	0.0113	0.0017	0	0	0	0	0	0	0	0	0	0	0	0
2012	1	4	2	2	0	2	100	0.0348	0.0961	0.182	0.27	0.1485	0.0587	0.0901	0.094	0.0183	0.0031	1.00E-04	5.00E-04	0	0	0	0	0	0	0	0	0	0
2013	1	4	2	2	0	2	100	0.0494	0.2013	0.1648	0.1738	0.1701	0.1181	0.088	0.0255	0.0021	2.00E-04	6.00E-04	0	1.00E-04	0	0	0	0	0	0	0	0	0
2014	1	4	2	2	0	2	100	0.0352	0.065	0.0457	0.2203	0.3331	0.1732	0.0852	0.0305	5.00E-04	1.00E-04	1.00E-04	0	0	0	0	0	0	0	0	0	0	0
2015	1	4	2	2	0	2	100	0.066	0.1928	0.2924	0.2442	0.126	0.0506	0.0239	0.0011	0	0.0015	0	0	0	0	0	0	0	0	0	0	0	0
2016	1	4	2	2	0	2	100	0.03	0.1764	0.2249	0.3199	0.1747	0.0557	0.0132	4.00E-04	0	0	0	0	0	0	0	0	0	0	0	0	0	0
2017	1	4	2	2	0	2	100	0.0314	0.122	0.1841	0.454	0.1551	0.0434	0.008	8.00E-04	1.00E-04	1.00E-04	0	0	0	0	0	0	0	0	0	0	0	0
2018	1	4	2	2	0	2	100	0.0108	0.0056	0.0668	0.4952	0.332	0.0725	0.0158	5.00E-04	0	1.00E-04	0	0	0	0	0	0	0	0	0	0	0	0
2019	1	4	2	2	0	2	100	0.0055	0.005	0.0166	0.0658	0.3765	0.4214	0.1055	0.003	0	3.00E-04	0	0	0	0	0	0	0	0	0	0	0	0
2021	1	4	2	2	0	2	100	0.3472	0.2038	0.1222	0.0822	0.0941	0.0641	0.033	0.0271	0.0068	0.0045	0	0	0	0	0	0	0	0	0	0	0	0
2022	1	4	2	2	0	2	100	0.0364	0.1289	0.069	0.3134	0.3467	0.0895	0.0072	5.00E-04	1.00E-04	0	0	0	0	0	0	0	0	0	0	0	0	0
2023	1	4	2	2	0	2	100	0.0666	0.221	0.1688	0.1856	0.2316	0.0783	0.0168	0.0048	0.0052	6.00E-04	0	0	0	0	0	0	0	0	0	0	0	0
2024	1	4	2	2	0	2	100	0.0223	0.1684	0.1557	0.2097	0.2058	0.0603	0.0984	0.0683	0.009	5.00E-04	0.0012	1.00E-04	0	0	0	0	0	0	0	0	0	0
2025	1	4	2	2	0	2	100	0.0068	0.017	0.0351	0.2084	0.3516	0.1874	0.1353	0.0535	0.0037	1.00E-04	0	0	0	0	0	0	0	0	0	0	0	0
# Survey immature males				
# Year	Season	Fleet	Sex	Type	Shell	Maturity	Nsamp	DataVec																					
1982	1	3	1	2	0	2	100 0.001	0.001	0.002	0.012	0.054	0.116	0.149	0.133	0.117	0.113	0.103	0.076	0.055	0.036	0.020	0.008	0.002	0.001	0.000	0.000	0.000	0.000
1983	1	3	1	2	0	2	100 0.055	0.080	0.011	0.017	0.049	0.083	0.122	0.133	0.109	0.073	0.059	0.058	0.062	0.052	0.025	0.009	0.003	0.001	0.000	0.000	0.000	0.000
1984	1	3	1	2	0	2	100 0.060	0.100	0.099	0.142	0.190	0.063	0.040	0.038	0.040	0.036	0.038	0.037	0.036	0.036	0.024	0.011	0.006	0.003	0.001	0.001	0.000	0.000
1985	1	3	1	2	0	2	100 0.043	0.099	0.104	0.169	0.121	0.079	0.073	0.059	0.034	0.031	0.037	0.040	0.037	0.030	0.021	0.012	0.006	0.004	0.002	0.001	0.000	0.000
1986	1	3	1	2	0	2	100 0.051	0.175	0.113	0.128	0.106	0.111	0.099	0.068	0.040	0.032	0.024	0.018	0.011	0.009	0.007	0.004	0.002	0.001	0.001	0.000	0.000	0.000
1987	1	3	1	2	0	2	100 0.003	0.030	0.165	0.233	0.163	0.103	0.106	0.069	0.039	0.025	0.020	0.014	0.010	0.009	0.006	0.003	0.001	0.001	0.000	0.000	0.000	0.000
1988	1	3	1	2	0	2	100 0.003	0.047	0.081	0.126	0.143	0.156	0.132	0.099	0.056	0.048	0.035	0.028	0.017	0.013	0.008	0.004	0.002	0.001	0.001	0.000	0.000	0.000
1989	1	4	1	2	0	2	100 0.001	0.005	0.034	0.117	0.123	0.110	0.098	0.092	0.108	0.098	0.069	0.053	0.039	0.028	0.016	0.008	0.003	0.001	0.001	0.000	0.000	0.000
1990	1	4	1	2	0	2	100 0.003	0.028	0.054	0.053	0.086	0.114	0.111	0.085	0.068	0.051	0.045	0.048	0.054	0.074	0.063	0.037	0.015	0.007	0.005	0.002	0.000	0.000
1991	1	4	1	2	0	2	100 0.053	0.064	0.080	0.130	0.139	0.096	0.111	0.091	0.052	0.027	0.024	0.024	0.029	0.037	0.022	0.009	0.004	0.004	0.003	0.002	0.000	0.000
1992	1	4	1	2	0	2	100 0.033	0.088	0.117	0.232	0.240	0.088	0.048	0.042	0.030	0.017	0.019	0.015	0.011	0.009	0.005	0.003	0.002	0.001	0.001	0.000	0.000	0.000
1993	1	4	1	2	0	2	100 0.039	0.113	0.141	0.210	0.176	0.140	0.084	0.048	0.019	0.010	0.007	0.005	0.003	0.003	0.002	0.001	0.000	0.000	0.000	0.000	0.000	0.000
1994	1	4	1	2	0	2	100 0.026	0.089	0.119	0.153	0.132	0.128	0.116	0.089	0.059	0.039	0.024	0.014	0.006	0.004	0.002	0.001	0.000	0.000	0.000	0.000	0.000	0.000
1995	1	4	1	2	0	2	100 0.006	0.023	0.039	0.067	0.137	0.162	0.151	0.135	0.098	0.072	0.041	0.029	0.020	0.012	0.006	0.002	0.001	0.000	0.000	0.000	0.000	0.000
1996	1	4	1	2	0	2	100 0.001	0.003	0.016	0.035	0.049	0.080	0.110	0.121	0.119	0.101	0.087	0.084	0.072	0.061	0.035	0.017	0.006	0.002	0.001	0.000	0.000	0.000
1997	1	4	1	2	0	2	100 0.001	0.002	0.008	0.024	0.047	0.064	0.071	0.083	0.081	0.095	0.091	0.095	0.092	0.092	0.069	0.042	0.022	0.013	0.006	0.002	0.000	0.000
1998	1	4	1	2	0	2	100 0.013	0.013	0.026	0.085	0.192	0.122	0.107	0.087	0.062	0.041	0.036	0.037	0.044	0.051	0.041	0.024	0.010	0.006	0.003	0.001	0.000	0.000
1999	1	4	1	2	0	2	100 0.054	0.120	0.085	0.075	0.117	0.121	0.127	0.113	0.063	0.031	0.019	0.015	0.014	0.015	0.013	0.008	0.003	0.003	0.002	0.001	0.000	0.000
2000	1	4	1	2	0	2	100 0.020	0.055	0.093	0.156	0.142	0.172	0.165	0.090	0.040	0.023	0.017	0.012	0.007	0.004	0.002	0.001	0.000	0.000	0.000	0.000	0.000	0.000
2001	1	4	1	2	0	2	100 0.005	0.008	0.075	0.133	0.050	0.083	0.133	0.139	0.133	0.100	0.065	0.038	0.020	0.011	0.006	0.003	0.001	0.000	0.000	0.000	0.000	0.000
2002	1	4	1	2	0	2	100 0.008	0.024	0.035	0.078	0.076	0.114	0.097	0.104	0.081	0.084	0.065	0.061	0.070	0.055	0.030	0.012	0.004	0.001	0.000	0.000	0.000	0.000
2003	1	4	1	2	0	2	100 0.023	0.078	0.121	0.121	0.213	0.122	0.089	0.056	0.047	0.032	0.026	0.020	0.017	0.016	0.012	0.005	0.002	0.001	0.001	0.000	0.000	0.000
2004	1	4	1	2	0	2	100 0.017	0.121	0.251	0.132	0.120	0.100	0.080	0.091	0.044	0.014	0.010	0.007	0.003	0.004	0.003	0.001	0.001	0.001	0.000	0.000	0.000	0.000
2005	1	4	1	2	0	2	100 0.007	0.026	0.038	0.137	0.145	0.129	0.125	0.157	0.106	0.041	0.027	0.029	0.021	0.010	0.003	0.001	0.000	0.000	0.000	0.000	0.000	0.000
2006	1	4	1	2	0	2	100 0.015	0.031	0.105	0.188	0.092	0.065	0.092	0.107	0.085	0.062	0.043	0.048	0.030	0.015	0.011	0.007	0.003	0.001	0.000	0.000	0.000	0.000
2007	1	4	1	2	0	2	100 0.002	0.011	0.051	0.082	0.143	0.197	0.141	0.095	0.049	0.044	0.038	0.043	0.038	0.033	0.018	0.009	0.004	0.002	0.001	0.000	0.000	0.000
2008	1	4	1	2	0	2	100 0.037	0.065	0.036	0.046	0.048	0.088	0.112	0.125	0.130	0.113	0.064	0.044	0.033	0.027	0.017	0.009	0.004	0.002	0.001	0.000	0.000	0.000
2009	1	4	1	2	0	2	100 0.049	0.084	0.149	0.118	0.148	0.091	0.065	0.053	0.037	0.039	0.035	0.032	0.032	0.030	0.022	0.010	0.004	0.002	0.002	0.001	0.000	0.000
2010	1	4	1	2	0	2	100 0.040	0.068	0.074	0.194	0.301	0.161	0.068	0.040	0.017	0.007	0.005	0.004	0.004	0.006	0.005	0.003	0.001	0.001	0.001	0.001	0.000	0.000
2011	1	4	1	2	0	2	100 0.054	0.059	0.074	0.121	0.130	0.139	0.142	0.117	0.062	0.032	0.028	0.017	0.009	0.006	0.004	0.002	0.002	0.001	0.001	0.001	0.000	0.000
2012	1	4	1	2	0	2	100 0.020	0.069	0.154	0.130	0.086	0.088	0.112	0.113	0.077	0.049	0.035	0.030	0.017	0.008	0.006	0.003	0.001	0.001	0.000	0.000	0.000	0.000
2013	1	4	1	2	0	2	100 0.020	0.086	0.112	0.101	0.143	0.122	0.104	0.070	0.045	0.044	0.045	0.043	0.029	0.013	0.011	0.007	0.003	0.002	0.001	0.000	0.000	0.000
2014	1	4	1	2	0	2	100 0.018	0.085	0.036	0.099	0.205	0.105	0.104	0.114	0.074	0.048	0.033	0.023	0.017	0.014	0.013	0.008	0.004	0.001	0.001	0.000	0.000	0.000
2015	1	4	1	2	0	2	100 0.062	0.186	0.247	0.168	0.087	0.063	0.057	0.044	0.029	0.017	0.012	0.012	0.006	0.004	0.003	0.001	0.001	0.000	0.000	0.000	0.000	0.000
2016	1	4	1	2	0	2	100 0.016	0.166	0.226	0.227	0.178	0.087	0.039	0.023	0.011	0.007	0.007	0.006	0.004	0.002	0.001	0.001	0.000	0.000	0.000	0.000	0.000	0.000
2017	1	4	1	2	0	2	100 0.018	0.076	0.127	0.293	0.194	0.103	0.081	0.051	0.023	0.014	0.010	0.005	0.002	0.001	0.001	0.000	0.000	0.000	0.000	0.000	0.000	0.000
2018	1	4	1	2	0	2	100 0.004	0.003	0.040	0.142	0.192	0.237	0.166	0.094	0.049	0.026	0.017	0.013	0.008	0.006	0.003	0.001	0.000	0.000	0.000	0.000	0.000	0.000
2019	1	4	1	2	0	2	100 0.001	0.001	0.001	0.010	0.064	0.114	0.118	0.154	0.151	0.136	0.106	0.067	0.039	0.025	0.010	0.003	0.001	0.001	0.000	0.000	0.000	0.000
2021	1	4	1	2	0	2	100 0.027	0.025	0.026	0.016	0.024	0.021	0.025	0.035	0.045	0.087	0.145	0.191	0.171	0.107	0.041	0.012	0.002	0.001	0.000	0.000	0.000	0.000
2022	1	4	1	2	0	2	100 0.063	0.118	0.098	0.222	0.216	0.118	0.060	0.035	0.017	0.014	0.011	0.009	0.008	0.005	0.003	0.002	0.001	0.000	0.000	0.000	0.000	0.000
2023	1	4	1	2	0	2	100 0.069	0.174	0.310	0.131	0.089	0.088	0.064	0.041	0.014	0.007	0.004	0.003	0.002	0.002	0.002	0.001	0.000	0.000	0.000	0.000	0.000	0.000
2024	1	4	1	2	0	2	100 0.019	0.105	0.136	0.151	0.185	0.156	0.084	0.068	0.039	0.022	0.016	0.010	0.005	0.003	0.001	0.001	0.000	0.000	0.000	0.000	0.000	0.000
2025	1	4	1	2	0	2	100 0.009	0.020	0.048	0.132	0.186	0.147	0.133	0.117	0.100	0.042	0.023	0.023	0.011	0.005	0.003	0.001	0.000	0.000	0.000	0.000	0.000	0.000
# Survey mature females																													
# Year	Season	Fleet	Sex	Type	Shell	Maturity	Nsamp	DataVec																					
1982	1	3	2	2	0	1	100	0	0	0.0013	0.0235	0.1965	0.3969	0.2169	0.1126	0.0417	0.0093	0.0013	1.00E-04	0	0	0	0	0	0	0	0	0	0
1983	1	3	2	2	0	1	100	0	0	7.00E-04	0.0347	0.2752	0.4158	0.1759	0.0702	0.0225	0.0045	3.00E-04	0	0	0	0	0	0	0	0	0	0	0
1984	1	3	2	2	0	1	100	0	0	0.0012	0.0398	0.2319	0.3726	0.2091	0.1031	0.0369	0.0035	5.00E-04	0.0012	1.00E-04	0	0	0	0	0	0	0	0	0
1985	1	3	2	2	0	1	100	0	0	0.0014	0.0323	0.1983	0.4522	0.2454	0.0547	0.0125	0.0014	9.00E-04	8.00E-04	0	0	0	0	0	0	0	0	0	0
1986	1	3	2	2	0	1	100	0	0	0.0012	0.0156	0.1992	0.4733	0.2459	0.0513	0.0122	0.0012	0	0	0	0	0	0	0	0	0	0	0	0
1987	1	3	2	2	0	1	100	0	0	0.0024	0.047	0.233	0.3701	0.2103	0.0998	0.033	0.004	3.00E-04	2.00E-04	0	0	0	0	0	0	0	0	0	0
1988	1	3	2	2	0	1	100	0	0	0.0067	0.0464	0.2427	0.3764	0.1746	0.0844	0.0496	0.0171	0.0016	3.00E-04	0	0	0	0	0	0	0	0	0	0
1989	1	4	2	2	0	1	100	0	1.00E-04	0.0041	0.0758	0.318	0.3382	0.1455	0.0682	0.0389	0.0105	5.00E-04	2.00E-04	1.00E-04	0	0	0	0	0	0	0	0	0
1990	1	4	2	2	0	1	100	0	0	0.0033	0.0591	0.2453	0.3739	0.1706	0.0892	0.045	0.0112	0.0021	1.00E-04	1.00E-04	0	0	0	0	0	0	0	0	0
1991	1	4	2	2	0	1	100	0	0	0.0021	0.0479	0.3079	0.3631	0.1601	0.0657	0.0414	0.0099	0.0017	2.00E-04	0	0	0	0	0	0	0	0	0	0
1992	1	4	2	2	0	1	100	0	2.00E-04	0.007	0.0726	0.2274	0.3131	0.1967	0.099	0.0617	0.018	0.004	3.00E-04	1.00E-04	0	0	0	0	0	0	0	0	0
1993	1	4	2	2	0	1	100	1.00E-04	0	0.0141	0.1296	0.3259	0.3084	0.1193	0.0456	0.0391	0.0151	0.0025	2.00E-04	0	0	0	0	0	0	0	0	0	0
1994	1	4	2	2	0	1	100	0	0	0.0084	0.1289	0.27	0.2673	0.1898	0.0929	0.0343	0.0074	6.00E-04	2.00E-04	0	0	0	0	0	0	0	0	0	0
1995	1	4	2	2	0	1	100	0	0	0.0042	0.1007	0.3198	0.3385	0.1562	0.0477	0.0268	0.0057	2.00E-04	1.00E-04	0	0	0	0	0	0	0	0	0	0
1996	1	4	2	2	0	1	100	0	4.00E-04	0.0107	0.1493	0.3626	0.2969	0.1181	0.0465	0.0135	0.0015	3.00E-04	3.00E-04	0	0	0	0	0	0	0	0	0	0
1997	1	4	2	2	0	1	100	0	0	0.0107	0.1202	0.3132	0.3656	0.1432	0.0368	0.0085	0.001	1.00E-04	6.00E-04	0	0	0	0	0	0	0	0	0	0
1998	1	4	2	2	0	1	100	0	0	0.0109	0.1205	0.3064	0.3528	0.1518	0.0479	0.0066	0.0027	3.00E-04	1.00E-04	0	0	0	0	0	0	0	0	0	0
1999	1	4	2	2	0	1	100	0	0	0.0011	0.0565	0.3027	0.3698	0.1838	0.0576	0.0204	0.0074	4.00E-04	2.00E-04	0	0	0	0	0	0	0	0	0	0
2000	1	4	2	2	0	1	100	0	0	0.0033	0.0512	0.201	0.4092	0.2502	0.0604	0.0173	0.007	3.00E-04	1.00E-04	0	0	0	0	0	0	0	0	0	0
2001	1	4	2	2	0	1	100	0	0	0.0014	0.0257	0.1501	0.4237	0.2737	0.0916	0.0303	0.003	5.00E-04	0	0	0	0	0	0	0	0	0	0	0
2002	1	4	2	2	0	1	100	0	0	2.00E-04	0.0184	0.223	0.4223	0.2039	0.0923	0.036	0.0027	7.00E-04	2.00E-04	1.00E-04	0	1.00E-04	1.00E-04	0	0	0	0	0	0
2003	1	4	2	2	0	1	100	0	1.00E-04	1.00E-04	0.0256	0.2907	0.3648	0.2187	0.072	0.0255	0.002	6.00E-04	0	0	0	0	0	0	0	0	0	0	0
2004	1	4	2	2	0	1	100	0	0.0026	0.0509	0.106	0.2614	0.3506	0.1527	0.0603	0.0123	0.0021	9.00E-04	2.00E-04	0	0	0	0	0	0	0	0	0	0
2005	1	4	2	2	0	1	100	0	0	0.0043	0.07	0.2078	0.4033	0.2276	0.0599	0.0195	0.0055	0.0018	3.00E-04	0	0	0	0	0	0	0	0	0	0
2006	1	4	2	2	0	1	100	0	0	2.00E-04	0.0116	0.1146	0.3057	0.2906	0.1918	0.067	0.014	0.003	0.0015	0	0	0	0	0	0	0	0	0	0
2007	1	4	2	2	0	1	100	0	0	6.00E-04	0.0614	0.1456	0.3558	0.1999	0.1003	0.0914	0.0381	0.0059	8.00E-04	2.00E-04	0	0	0	0	0	0	0	0	0
2008	1	4	2	2	0	1	100	0	0	0.0022	0.0693	0.146	0.2736	0.1992	0.177	0.1043	0.026	0.002	3.00E-04	1.00E-04	0	0	0	0	0	0	0	0	0
2009	1	4	2	2	0	1	100	0	0	3.00E-04	0.0331	0.1335	0.3306	0.2354	0.14	0.0925	0.0298	0.004	4.00E-04	4.00E-04	0	0	0	0	0	0	0	0	0
2010	1	4	2	2	0	1	100	0	0	0.0128	0.1728	0.1864	0.3706	0.161	0.0618	0.03	0.0042	3.00E-04	1.00E-04	0	0	0	0	0	0	0	0	0	0
2011	1	4	2	2	0	1	100	0	1.00E-04	0.0036	0.0824	0.2714	0.4019	0.1656	0.0509	0.0207	0.0031	3.00E-04	0	0	0	0	0	0	0	0	0	0	0
2012	1	4	2	2	0	1	100	0	1.00E-04	0.0086	0.0832	0.3125	0.3561	0.1513	0.048	0.0208	0.0141	0.0046	4.00E-04	1.00E-04	1.00E-04	0	0	0	0	0	0	0	0
2013	1	4	2	2	0	1	100	0	0.0036	0.0023	0.0917	0.2671	0.3689	0.1285	0.0655	0.0411	0.0258	0.0045	8.00E-04	2.00E-04	0	0	0	0	0	0	0	0	0
2014	1	4	2	2	0	1	100	0	0	0.0049	0.0937	0.229	0.3155	0.1669	0.0627	0.0678	0.0482	0.0096	0.0013	4.00E-04	0	0	0	0	0	0	0	0	0
2015	1	4	2	2	0	1	100	0	2.00E-04	0.0037	0.0437	0.1957	0.3149	0.2024	0.0851	0.0787	0.0575	0.0153	0.0024	3.00E-04	0	0	0	0	0	0	0	0	0
2016	1	4	2	2	0	1	100	0	0	0.0056	0.0757	0.1717	0.3526	0.1682	0.0961	0.0817	0.0387	0.0082	9.00E-04	4.00E-04	0	0	0	0	0	0	0	0	0
2017	1	4	2	2	0	1	100	0	4.00E-04	0.0433	0.1913	0.2739	0.2993	0.1227	0.0459	0.0172	0.0041	0.001	1.00E-04	0	9.00E-04	0	0	0	0	0	0	0	0
2018	1	4	2	2	0	1	100	0	2.00E-04	0.0102	0.1348	0.3863	0.3193	0.0934	0.0396	0.0142	0.0015	4.00E-04	0	0	1.00E-04	0	0	0	0	0	0	0	0
2019	1	4	2	2	0	1	100	3.00E-04	0	0.0068	0.0756	0.3288	0.3946	0.1263	0.0489	0.0153	0.0033	2.00E-04	0	0	0	0	0	0	0	0	0	0	0
2021	1	4	2	2	0	1	100	0.0024	5.00E-04	0.0031	0.0842	0.397	0.3889	0.1007	0.0189	0.0039	1.00E-04	0	1.00E-04	0	1.00E-04	0	0	0	0	0	0	0	0
2022	1	4	2	2	0	1	100	0	0	0.0115	0.1212	0.2707	0.3949	0.1379	0.0439	0.0197	1.00E-04	1.00E-04	0	0	1.00E-04	0	0	0	0	0	0	0	0
2023	1	4	2	2	0	1	100	0	3.00E-04	0.0065	0.0778	0.3428	0.4171	0.1051	0.035	0.0088	0.0035	2.00E-04	0.0027	0	0	0	1.00E-04	0	0	0	0	0	0
2024	1	4	2	2	0	1	100	0	0	0.0056	0.0843	0.3693	0.3103	0.1497	0.0531	0.014	0.0099	0.0027	5.00E-04	6.00E-04	0	0	0	0	0	0	0	0	0
2025	1	4	2	2	0	1	100	0	1.00E-04	0.0067	0.0529	0.1752	0.2943	0.207	0.0833	0.0994	0.0674	0.0121	7.00E-04	6.00E-04	0	1.00E-04	0	0	0	0	0	0	0
# Survey mature male																													
# Year	Season	Fleet	Sex	Type	Shell	Maturity	Nsamp	DataVec																					
1982	1	3	1	2	0	1	100	0.000	0.000	0.000	0.003	0.016	0.058	0.106	0.115	0.109	0.118	0.124	0.094	0.070	0.056	0.049	0.041	0.021	0.013	0.005	0.003	0.001	0.001
1983	1	3	1	2	0	1	100	0.000	0.001	0.000	0.002	0.012	0.044	0.094	0.113	0.106	0.095	0.092	0.086	0.088	0.087	0.068	0.050	0.035	0.018	0.007	0.004	0.001	0.000
1984	1	3	1	2	0	1	100	0.000	0.001	0.003	0.008	0.029	0.037	0.060	0.066	0.065	0.070	0.077	0.071	0.066	0.081	0.087	0.078	0.077	0.061	0.038	0.019	0.006	0.002
1985	1	3	1	2	0	1	100	0.000	0.001	0.003	0.012	0.016	0.028	0.049	0.061	0.047	0.052	0.068	0.069	0.070	0.072	0.080	0.092	0.092	0.087	0.062	0.031	0.007	0.002
1986	1	3	1	2	0	1	100	0.001	0.003	0.006	0.013	0.023	0.059	0.096	0.102	0.089	0.080	0.072	0.061	0.043	0.045	0.053	0.062	0.063	0.059	0.040	0.023	0.007	0.002
1987	1	3	1	2	0	1	100	0.000	0.001	0.010	0.030	0.047	0.078	0.129	0.119	0.085	0.070	0.068	0.054	0.043	0.051	0.051	0.054	0.044	0.031	0.021	0.010	0.004	0.001
1988	1	3	1	2	0	1	100	0.000	0.001	0.004	0.011	0.032	0.082	0.120	0.120	0.090	0.092	0.080	0.065	0.045	0.045	0.046	0.048	0.038	0.031	0.024	0.016	0.008	0.002
1989	1	4	1	2	0	1	100	0.000	0.001	0.002	0.012	0.026	0.054	0.087	0.103	0.122	0.123	0.102	0.075	0.055	0.052	0.052	0.045	0.037	0.023	0.016	0.010	0.004	0.002
1990	1	4	1	2	0	1	100	0.000	0.000	0.001	0.004	0.009	0.024	0.048	0.055	0.059	0.069	0.069	0.068	0.067	0.096	0.110	0.104	0.080	0.057	0.044	0.023	0.009	0.005
1991	1	4	1	2	0	1	100	0.000	0.000	0.001	0.009	0.018	0.028	0.059	0.070	0.058	0.050	0.051	0.050	0.055	0.074	0.074	0.072	0.070	0.088	0.074	0.057	0.027	0.014
1992	1	4	1	2	0	1	100	0.000	0.001	0.006	0.031	0.075	0.061	0.058	0.067	0.061	0.055	0.065	0.057	0.050	0.051	0.052	0.059	0.063	0.067	0.057	0.039	0.016	0.008
1993	1	4	1	2	0	1	100	0.000	0.001	0.007	0.036	0.087	0.161	0.181	0.135	0.080	0.058	0.044	0.033	0.024	0.024	0.026	0.027	0.022	0.021	0.017	0.011	0.004	0.002
1994	1	4	1	2	0	1	100	0.000	0.004	0.012	0.033	0.043	0.101	0.154	0.142	0.117	0.094	0.074	0.051	0.032	0.028	0.022	0.026	0.019	0.018	0.016	0.010	0.005	0.002
1995	1	4	1	2	0	1	100	0.000	0.000	0.003	0.013	0.031	0.085	0.125	0.160	0.146	0.132	0.091	0.059	0.038	0.032	0.026	0.022	0.014	0.010	0.008	0.004	0.001	0.000
1996	1	4	1	2	0	1	100	0.000	0.000	0.001	0.007	0.019	0.038	0.078	0.110	0.124	0.118	0.110	0.086	0.067	0.062	0.049	0.047	0.038	0.024	0.013	0.007	0.003	0.001
1997	1	4	1	2	0	1	100	0.000	0.000	0.000	0.001	0.004	0.012	0.027	0.056	0.074	0.100	0.097	0.090	0.082	0.075	0.074	0.073	0.075	0.068	0.048	0.028	0.014	0.005
1998	1	4	1	2	0	1	100	0.000	0.000	0.001	0.005	0.011	0.016	0.032	0.047	0.064	0.066	0.065	0.065	0.068	0.075	0.085	0.097	0.096	0.091	0.062	0.037	0.014	0.005
1999	1	4	1	2	0	1	100	0.001	0.001	0.001	0.002	0.007	0.022	0.045	0.069	0.072	0.068	0.065	0.064	0.063	0.076	0.097	0.087	0.075	0.074	0.056	0.035	0.016	0.006
2000	1	4	1	2	0	1	100	0.000	0.001	0.004	0.019	0.038	0.073	0.110	0.105	0.070	0.061	0.061	0.054	0.055	0.057	0.065	0.068	0.050	0.048	0.033	0.020	0.006	0.003
2001	1	4	1	2	0	1	100	0.000	0.000	0.002	0.007	0.008	0.044	0.081	0.132	0.147	0.129	0.099	0.065	0.043	0.048	0.044	0.050	0.036	0.030	0.018	0.010	0.005	0.002
2002	1	4	1	2	0	1	100	0.000	0.000	0.002	0.006	0.007	0.024	0.045	0.074	0.081	0.101	0.084	0.081	0.082	0.085	0.085	0.085	0.069	0.046	0.023	0.015	0.005	0.001
2003	1	4	1	2	0	1	100	0.000	0.001	0.002	0.007	0.032	0.039	0.056	0.073	0.089	0.089	0.082	0.072	0.063	0.070	0.073	0.070	0.066	0.056	0.035	0.019	0.005	0.001
2004	1	4	1	2	0	1	100	0.001	0.004	0.019	0.025	0.038	0.086	0.104	0.148	0.103	0.058	0.054	0.047	0.036	0.045	0.043	0.042	0.040	0.038	0.033	0.026	0.009	0.004
2005	1	4	1	2	0	1	100	0.000	0.000	0.001	0.012	0.046	0.077	0.091	0.158	0.147	0.091	0.068	0.075	0.064	0.038	0.025	0.023	0.019	0.021	0.019	0.013	0.009	0.003
2006	1	4	1	2	0	1	100	0.001	0.003	0.002	0.009	0.017	0.033	0.061	0.111	0.105	0.083	0.071	0.080	0.065	0.051	0.049	0.065	0.074	0.064	0.032	0.014	0.009	0.002
2007	1	4	1	2	0	1	100	0.000	0.000	0.001	0.004	0.022	0.064	0.087	0.103	0.082	0.071	0.067	0.072	0.062	0.063	0.058	0.068	0.073	0.054	0.032	0.013	0.005	0.001
2008	1	4	1	2	0	1	100	0.000	0.001	0.001	0.003	0.008	0.025	0.065	0.102	0.121	0.117	0.083	0.062	0.057	0.055	0.057	0.071	0.064	0.056	0.028	0.016	0.006	0.003
2009	1	4	1	2	0	1	100	0.000	0.001	0.003	0.007	0.023	0.041	0.063	0.080	0.066	0.070	0.067	0.067	0.062	0.062	0.076	0.083	0.077	0.057	0.045	0.034	0.013	0.005
2010	1	4	1	2	0	1	100	0.000	0.002	0.003	0.019	0.093	0.145	0.109	0.128	0.061	0.055	0.056	0.029	0.036	0.029	0.034	0.039	0.039	0.040	0.038	0.027	0.013	0.005
2011	1	4	1	2	0	1	100	0.000	0.002	0.001	0.008	0.023	0.065	0.129	0.151	0.119	0.070	0.058	0.038	0.031	0.032	0.040	0.042	0.048	0.047	0.046	0.033	0.013	0.006
2012	1	4	1	2	0	1	100	0.000	0.001	0.006	0.019	0.042	0.070	0.103	0.125	0.115	0.098	0.076	0.064	0.041	0.027	0.038	0.043	0.037	0.035	0.028	0.019	0.010	0.004
2013	1	4	1	2	0	1	100	0.000	0.002	0.003	0.009	0.025	0.051	0.087	0.097	0.085	0.092	0.102	0.087	0.062	0.042	0.054	0.058	0.052	0.038	0.028	0.017	0.007	0.004
2014	1	4	1	2	0	1	100	0.000	0.001	0.001	0.007	0.033	0.037	0.083	0.121	0.098	0.088	0.082	0.062	0.046	0.043	0.054	0.072	0.071	0.043	0.032	0.018	0.007	0.002
2015	1	4	1	2	0	1	100	0.001	0.004	0.009	0.019	0.024	0.042	0.091	0.096	0.094	0.088	0.085	0.078	0.058	0.051	0.056	0.052	0.045	0.033	0.028	0.024	0.015	0.008
2016	1	4	1	2	0	1	100	0.000	0.007	0.027	0.053	0.093	0.104	0.098	0.087	0.058	0.061	0.066	0.062	0.056	0.046	0.045	0.042	0.035	0.024	0.017	0.009	0.006	0.004
2017	1	4	1	2	0	1	100	0.000	0.002	0.008	0.052	0.097	0.124	0.176	0.151	0.088	0.068	0.057	0.034	0.028	0.020	0.024	0.022	0.018	0.014	0.008	0.004	0.002	0.001
2018	1	4	1	2	0	1	100	0.000	0.000	0.001	0.015	0.058	0.155	0.195	0.169	0.112	0.083	0.067	0.051	0.027	0.020	0.016	0.014	0.009	0.005	0.002	0.001	0.001	0.000
2019	1	4	1	2	0	1	100	0.000	0.000	0.000	0.005	0.027	0.058	0.090	0.107	0.112	0.133	0.130	0.108	0.076	0.057	0.039	0.029	0.016	0.008	0.004	0.002	0.001	0.000
2021	1	4	1	2	0	1	100	0.000	0.000	0.001	0.002	0.005	0.022	0.031	0.051	0.066	0.097	0.132	0.136	0.123	0.110	0.092	0.065	0.036	0.022	0.007	0.002	0.001	0.000
2022	1	4	1	2	0	1	100	0.000	0.004	0.005	0.021	0.047	0.048	0.056	0.054	0.070	0.075	0.086	0.082	0.080	0.080	0.088	0.076	0.060	0.038	0.021	0.007	0.002	0.001
2023	1	4	1	2	0	1	100	0.000	0.002	0.014	0.028	0.069	0.130	0.142	0.127	0.057	0.036	0.029	0.032	0.033	0.051	0.053	0.059	0.056	0.044	0.021	0.012	0.004	0.001
2024	1	4	1	2	0	1	100	0.000	0.002	0.006	0.034	0.089	0.146	0.148	0.155	0.097	0.071	0.057	0.040	0.026	0.023	0.025	0.024	0.019	0.021	0.014	0.006	0.002	0.000
2025	1	4	1	2	0	1	100	0.000	0.000	0.001	0.011	0.041	0.089	0.143	0.174	0.170	0.101	0.067	0.066	0.037	0.025	0.022	0.019	0.016	0.011	0.006	0.003	0.001	0.000
## Growth data																													
# Type of growth increment (0=ignore; 1=growth increment with a CV;2=size-at-release; 3= size-at-release values) 																													
1																													
# nobs_growth																													
294																												
## Premolt	Sex	Molt Inc	CV																										
25.2	1	7.6		0.03
25.2	1	7.6		0.03
25.4	1	6.4		0.03
25.6	1	5.8		0.03
25.6	1	5.8		0.03
25.7	1	7.57	0.03
25.7	1	5.47	0.03
25.8	1	4.9		0.03
25.9	1	5.2		0.03
25.9	1	5.2		0.03
26		1	6.2		0.03
26.1	1	5.4		0.03
26.3	1	73		0.03
26.5	1	6.7		0.03
26.7	1	8.1		0.03
27.1	1	5.5		0.03
27.2	1	6.1		0.03
27.4	1	7.4		0.03
27.6	1	5.4		0.03
27.9	1	8.9		0.03
28.8	1	6.8		0.03
28.9	1	7.05	0.03
29		1	6.9		0.03
29.1	1	7		0.03
29.7	1	7.3		0.03
29.9	1	10		0.03
30.3	1	10		0.03
30.7	1	9.8		0.03
44.2	1	14.5	0.03
44.7	1	12.6	0.03
53.56	1	12.14	0.03
54.84	1	13.11	0.03
56.07	1	15.92	0.03
56.5	1	13.5	0.03
56.5	1	15.74	0.03
56.95	1	13.08	0.03
57		1	13		0.03
57.42	1	16.56	0.03
57.44	1	18.13	0.03
57.63	1	10.97	0.03
57.63	1	10.97	0.03
58.47	1	16.29	0.03
58.7	1	13.8	0.03
59.3	1	15.8	0.03
59.86	1	14.75	0.03
60.3	1	14.8	0.03
60.48	1	16.67	0.03
60.6	1	16.49	0.03
60.62	1	18.51	0.03
60.8	1	17.6	0.03
60.82	1	18.14	0.03
60.86	1	18.14	0.03
61.09	1	19.86	0.03
61.45	1	16		0.03
61.59	1	18.43	0.03
61.94	1	17.02	0.03
62.15	1	19.03	0.03
62.28	1	14.5	0.03
62.3	1	19.5	0.03
62.57	1	17.38	0.03
62.72	1	16.99	0.03
62.78	1	17.11	0.03
63.09	1	18.22	0.03
63.37	1	20.62	0.03
63.75	1	15.92	0.03
63.81	1	15.49	0.03
63.89	1	15.2	0.03
64		1	20.7	0.03
64		1	20.7	0.03
64.01	1	16.54	0.03
64.21	1	19.03	0.03
64.37	1	18.02	0.03
64.59	1	19.2	0.03
64.7	1	18		0.03
65.02	1	15.07	0.03
65.42	1	15.41	0.03
65.76	1	16.12	0.03
65.79	1	17.23	0.03
65.85	1	18.38	0.03
65.94	1	17.1	0.03
65.97	1	17.13	0.03
66.01	1	15.5	0.03
66.04	1	18.42	0.03
66.37	1	16.64	0.03
66.52	1	19.72	0.03
67.05	1	17.45	0.03
67.1	1	16.74	0.03
67.23	1	18.33	0.03
67.34	1	16.47	0.03
67.44	1	16.9	0.03
67.6	1	18.4	0.03
67.66	1	20.98	0.03
67.86	1	16.64	0.03
67.88	1	19.73	0.03
67.9	1	17.4	0.03
68.75	1	17.95	0.03
68.86	1	19.66	0.03
69.03	1	16.55	0.03
69.05	1	20.67	0.03
69.06	1	15.05	0.03
69.36	1	17.91	0.03
69.57	1	17.28	0.03
69.69	1	17.44	0.03
69.8	1	17.27	0.03
70.19	1	21.96	0.03
70.25	1	9.9		0.03
70.87	1	19		0.03
71.04	1	27.79	0.03
71.2	1	20.37	0.03
71.4	1	18.98	0.03
71.71	1	21.25	0.03
71.71	1	9.65	0.03
72.19	1	16.38	0.03
72.26	1	18.82	0.03
72.37	1	17.49	0.03
72.4	1	18.54	0.03
72.53	1	15.7	0.03
72.53	1	15.91	0.03
73.19	1	17.15	0.03
73.27	1	18.17	0.03
73.41	1	21.45	0.03
73.54	1	17.55	0.03
73.61	1	18.48	0.03
73.89	1	19.77	0.03
73.89	1	15.82	0.03
73.97	1	18.41	0.03
74.01	1	19.55	0.03
74.06	1	18.78	0.03
74.5	1	19.4	0.03
74.97	1	19.7	0.03
75.19	1	20.88	0.03
75.35	1	20.39	0.03
75.43	1	20.28	0.03
75.54	1	17.67	0.03
75.66	1	18.98	0.03
75.71	1	15.11	0.03
75.72	1	17.96	0.03
75.98	1	20.66	0.03
76.31	1	21.82	0.03
76.81	1	17.28	0.03
77.1	1	20.36	0.03
77.22	1	20.94	0.03
78.05	1	21.3	0.03
78.1	1	19.17	0.03
78.21	1	17.75	0.03
78.53	1	19.58	0.03
78.72	1	17.39	0.03
79.61	1	21.33	0.03
79.9	1	17.9	0.03
80.14	1	20.19	0.03
80.7	1	14.18	0.03
80.85	1	22.16	0.03
80.88	1	18.23	0.03
82.89	1	21.87	0.03
83.12	1	21.36	0.03
84.6	1	20.13	0.03
87.29	1	22.7	0.03
89.8	1	20.2	0.03
89.9	1	22.2	0.03
89.9	1	22.4	0.03
93.8	1	23.8	0.03
25		2	6.1		0.03
25.1	2	7.1		0.03
25.2	2	6.8		0.03
25.2	2	6.8		0.03
25.3	2	8.2		0.03
25.4	2	6.3		0.03
25.4	2	6.3		0.03
25.5	2	9.1		0.03
25.5	2	7.4		0.03
25.5	2	9.1		0.03
25.5	2	7.4		0.03
25.5	2	5.72	0.03
25.7	2	6.8		0.03
25.7	2	7.6		0.03
25.7	2	4.2		0.03
25.8	2	7.8		0.03
25.8	2	6.3		0.03
25.9	2	6.8		0.03
25.9	2	6.8		0.03
25.9	2	5.7		0.03
25.9	2	6.7		0.03
26		2	7.1		0.03
26		2	6.8		0.03
26		2	6.2		0.03
26.1	2	7.1		0.03
26.2	2	6.4		0.03
26.2	2	6.4		0.03
26.2	2	7		0.03
26.3	2	6.5		0.03
26.3	2	3.9		0.03
26.4	2	5.4		0.03
26.4	2	5.4		0.03
26.4	2	6.2		0.03
26.4	2	7.3		0.03
26.5	2	7.4		0.03
26.5	2	7.2		0.03
26.5	2	6.19	0.03
26.6	2	8.3		0.03
26.7	2	5		0.03
26.7	2	4.5		0.03
26.7	2	5.7		0.03
26.9	2	7.5		0.03
26.9	2	7.6		0.03
26.9	2	6.2		0.03
27		2	7.7		0.03
27.1	2	5.93	0.03
27.1	2	6.3		0.03
27.1	2	6.2		0.03
27.1	2	5.6		0.03
27.2	2	7.2		0.03
27.2	2	7.3		0.03
27.2	2	6.3		0.03
27.4	2	7.7		0.03
27.4	2	7.1		0.03
27.4	2	6.8		0.03
27.5	2	7.3		0.03
27.5	2	6.5		0.03
27.6	2	5.3		0.03
27.6	2	5.14	0.03
27.7	2	5.81	0.03
28		2	7		0.03
28		2	6.8		0.03
28.1	2	6.4		0.03
28.1	2	6.4		0.03
28.1	2	6.5		0.03
28.1	2	6.3		0.03
28.2	2	8.02	0.03
28.2	2	7.6		0.03
28.2	2	8.02	0.03
28.2	2	7.6		0.03
28.2	2	7.6		0.03
28.3	2	6.44	0.03
28.3	2	7.24	0.03
28.4	2	6.5		0.03
28.5	2	7.9		0.03
28.5	2	7.5		0.03
28.5	2	7.63	0.03
28.6	2	6.9		0.03
28.6	2	6.8		0.03
28.7	2	8.4		0.03
28.7	2	7.3		0.03
28.7	2	8.4		0.03
28.7	2	7.3		0.03
28.7	2	5.8		0.03
28.7	2	6.76	0.03
28.9	2	7		0.03
28.9	2	5.9		0.03
28.9	2	6.8		0.03
29		2	7.7		0.03
29		2	7.7		0.03
29		2	6.9		0.03
29.1	2	9.3		0.03
29.1	2	9.3		0.03
29.1	2	7.5		0.03
29.1	2	2.7		0.03
29.1	2	4.82	0.03
29.2	2	9.3		0.03
29.2	2	7.6		0.03
29.3	2	6.1		0.03
29.3	2	6.34	0.03
29.4	2	7.3		0.03
29.4	2	7.3		0.03
29.5	2	8.9		0.03
29.6	2	6.6		0.03
29.6	2	5.88	0.03
29.8	2	7.38	0.03
30		2	6.08	0.03
30.3	2	6.7		0.03
30.4	2	6.8		0.03
30.6	2	5.8		0.03
30.6	2	6.15	0.03
30.9	2	7.5		0.03
30.9	2	7.5		0.03
30.9	2	6.6		0.03
31		2	6.5		0.03
31.7	2	7.35	0.03
31.8	2	7.8		0.03
32.8	2	12.1	0.01
33.3	2	8.04	0.01
34.9	2	9.9		0.01
34.9	2	9.9		0.01
35.3	2	12.3	0.01
38.3	2	12.6	0.01
38.9	2	14.1	0.01
41		2	14.8	0.01
42.1	2	12.5	0.01
44.2	2	15.3	0.01
44.3	2	15		0.01
44.8	2	14.9	0.01
45.2	2	14.4	0.01
46.9	2	13.5	0.01
47		2	14.4	0.01
47.9	2	13.5	0.01
# Environmental data																													
0   #--format flag (0=old style, 1=new style)																													
# Number of series																													
0																													
# Year ranges																													
																													
# Environmental Indices																													
# Index Year Value   																													
																													
## eof																													
9999																													
