ParName   Value   Gradient
T_pars_est[3]      13.7904   -0.0032389
T_pars_est[11]      9.64563  5.32102e-06
T_pars_est[12]      9.65326 -1.02901e-05
T_pars_est[13]      9.68437  4.14652e-07
T_pars_est[14]      9.79262 -8.41383e-06
T_pars_est[15]      10.2655 -4.23281e-06
T_pars_est[16]      10.8417  1.96708e-05
T_pars_est[17]      11.3071  9.02905e-06
T_pars_est[18]      11.4932  2.17038e-05
T_pars_est[19]      11.5254  2.34852e-05
T_pars_est[20]      11.4959  1.59521e-05
T_pars_est[21]      11.4232  1.52061e-05
T_pars_est[22]      11.1688   3.1724e-05
T_pars_est[23]      10.8779 -9.39707e-06
T_pars_est[24]      10.6727 -3.43143e-05
T_pars_est[25]      10.8795  -1.9445e-05
T_pars_est[26]      11.6199 -0.000235581
T_pars_est[27]        11.15  0.000159864
T_pars_est[28]      10.2554  5.50864e-05
T_pars_est[29]      9.24954  -3.1125e-07
T_pars_est[30]      8.25459  2.50812e-05
T_pars_est[31]      7.41772 -2.73865e-06
T_pars_est[32]      6.99252  2.09848e-05
T_pars_est[33]      12.7977 -2.10132e-05
T_pars_est[34]       13.366 -8.53229e-05
T_pars_est[35]      13.3084 -6.85098e-05
T_pars_est[36]       13.379 -5.61432e-05
T_pars_est[37]      12.8243 -3.01314e-05
T_pars_est[38]      12.8704 -5.47025e-05
T_pars_est[39]      12.5923 -7.41573e-05
T_pars_est[40]      12.3216 -9.36628e-05
T_pars_est[41]      12.2099 -0.000112292
T_pars_est[42]      11.7569  -0.00010389
T_pars_est[43]      11.0865 -4.61032e-05
T_pars_est[44]      10.8398 -3.70498e-05
T_pars_est[45]      10.8697 -6.30883e-05
T_pars_est[46]      10.1229 -6.13969e-05
T_pars_est[47]      8.85941 -3.40895e-05
T_pars_est[48]      7.80472 -9.21609e-06
T_pars_est[49]      7.02335 -2.93172e-06
T_pars_est[50]      6.47159 -1.16175e-05
T_pars_est[51]      6.07344  4.38146e-06
T_pars_est[52]      5.78425   1.5343e-05
T_pars_est[53]       5.5875 -1.03338e-05
T_pars_est[54]      5.48694  8.52317e-06
T_pars_est[55]      11.9098  3.03983e-06
T_pars_est[56]      11.9346  7.22325e-06
T_pars_est[57]      11.9987  3.30389e-05
T_pars_est[58]      12.2247 -2.60458e-06
T_pars_est[59]      13.4384 -1.23856e-05
T_pars_est[60]       13.545  2.50658e-05
T_pars_est[61]      12.9784 -0.000117819
T_pars_est[62]      12.1319  4.86391e-05
T_pars_est[63]      11.0301  1.55097e-05
T_pars_est[64]       9.9507  3.32021e-06
T_pars_est[65]      9.22844  1.41661e-05
T_pars_est[66]      8.77057  8.36068e-06
T_pars_est[67]      8.47702  1.24785e-05
T_pars_est[68]      8.38779 -2.09878e-06
T_pars_est[69]      8.29494 -7.10014e-06
T_pars_est[70]      8.15988  -1.1044e-06
T_pars_est[71]      8.01001  1.46992e-05
T_pars_est[72]      7.86589   1.8986e-05
T_pars_est[73]      7.73404  2.14061e-05
T_pars_est[74]      7.61312  1.75479e-05
T_pars_est[75]      7.52509  3.58022e-05
T_pars_est[76]      7.47411   4.8198e-05
T_pars_est[77]     -13.8332 -3.45291e-05
T_pars_est[78]      -13.907 -8.27691e-06
T_pars_est[79]     -14.0445 -5.52035e-07
T_pars_est[80]     -14.2217   5.4282e-06
T_pars_est[81]     -13.7206 -9.28214e-05
T_pars_est[82]     -13.5069  0.000152294
T_pars_est[83]     -14.5876 -4.12329e-05
T_pars_est[84]     -15.5935  2.26675e-05
T_pars_est[85]     -16.3999  3.92548e-05
T_pars_est[86]     -17.0309 -2.91262e-05
T_pars_est[87]     -17.4885  3.86272e-06
T_pars_est[88]     -17.8341 -4.55361e-05
T_pars_est[89]     -18.1074 -1.53954e-05
T_pars_est[90]     -18.3361  3.59602e-05
T_pars_est[91]     -18.5341    2.676e-05
T_pars_est[92]     -18.7085 -2.39309e-05
T_pars_est[93]     -18.8631 -1.94514e-06
G_pars_est[1]      1.08937  -0.00052424
G_pars_est[2]     -0.23913   0.00115096
G_pars_est[4]      -4.6007  2.40706e-05
G_pars_est[5]     -0.41912 -7.02332e-05
S_pars_est[5]     -3.38859  7.37611e-06
S_pars_est[6]     -2.71544 -6.25411e-06
S_pars_est[7]     -2.37354  5.44024e-06
S_pars_est[8]     -1.52941  1.71488e-05
S_pars_est[9]     -1.58619  4.95848e-06
S_pars_est[10]     -1.38184  1.76703e-05
S_pars_est[11]     -1.09202  1.16798e-06
S_pars_est[12]     -1.04434 -1.07244e-05
S_pars_est[13]     -1.11553 -5.09425e-06
S_pars_est[14]     -1.04678 -3.21548e-06
S_pars_est[15]    -0.955984  1.06587e-05
S_pars_est[16]    -0.901707  7.32466e-06
S_pars_est[17]    -0.872643  8.04819e-06
S_pars_est[18]    -0.784958  3.63023e-06
S_pars_est[19]    -0.788603  4.88887e-06
S_pars_est[20]    -0.847109 -2.11347e-05
S_pars_est[21]    -0.705034  9.24939e-06
S_pars_est[22]    -0.619938 -7.73496e-06
S_pars_est[23]     -0.44113 -8.71244e-06
S_pars_est[24]     -0.28456 -5.97262e-06
S_pars_est[25]    -0.180183  6.35032e-06
S_pars_est[26]    -0.194094 -5.53162e-06
S_pars_est[27]     -3.89888  7.18901e-06
S_pars_est[28]     -2.99656 -9.04166e-06
S_pars_est[29]     -2.36956 -2.35869e-05
S_pars_est[30]     -1.63092  -1.2072e-05
S_pars_est[31]     -1.49944  3.05672e-05
S_pars_est[32]     -1.30742 -3.06502e-08
S_pars_est[33]     -1.09351 -1.80639e-06
S_pars_est[34]     -1.01969 -9.90029e-06
S_pars_est[35]     -1.07689 -2.06447e-05
S_pars_est[36]     -1.07299  1.85057e-05
S_pars_est[37]     -1.02513 -9.72868e-06
S_pars_est[38]    -0.950594 -4.67235e-06
S_pars_est[39]     -0.89961 -2.21279e-05
S_pars_est[40]    -0.764093 -1.45584e-05
S_pars_est[41]    -0.544423  3.50307e-05
S_pars_est[42]    -0.329401  2.18875e-05
S_pars_est[43]    -0.228715 -2.02881e-06
S_pars_est[44]    -0.168553 -6.47178e-06
S_pars_est[45]    -0.148755  1.87278e-05
S_pars_est[46]    -0.113675  9.08599e-06
S_pars_est[47]   -0.0672142   2.9716e-06
S_pars_est[48]   -0.0520504  1.39937e-05
S_pars_est[51]     -4.68778 -2.27708e-05
S_pars_est[52]     -4.85376 -3.48637e-07
S_pars_est[53]      -3.6551  1.98786e-05
S_pars_est[54]     -1.60522  4.56026e-06
S_pars_est[55]     -1.08085  1.84821e-05
S_pars_est[56]    -0.510786 -7.99758e-06
S_pars_est[57]     -0.56686 -2.55487e-05
S_pars_est[58]    -0.789447  1.30742e-05
S_pars_est[59]     -0.86127  1.47171e-05
S_pars_est[60]    -0.941002 -5.85767e-06
S_pars_est[61]    -0.920922 -5.81972e-06
S_pars_est[62]     -0.87268  7.03318e-06
S_pars_est[63]    -0.836423   7.4133e-06
S_pars_est[64]    -0.788779   3.7135e-06
S_pars_est[65]    -0.719545  3.85852e-06
S_pars_est[66]    -0.630243  1.13655e-06
S_pars_est[67]    -0.529509  1.86469e-06
S_pars_est[68]    -0.424113  2.37058e-06
S_pars_est[69]    -0.314792 -7.85725e-06
S_pars_est[70]    -0.200385 -3.90461e-06
S_pars_est[71]   -0.0840619 -1.35629e-05
S_pars_est[73]     -3.21899   3.0853e-06
S_pars_est[74]     -2.61346  6.87331e-06
S_pars_est[75]     -2.05995  2.66414e-05
S_pars_est[76]    -0.806355 -1.41937e-05
S_pars_est[77]    -0.411384  -1.3899e-05
S_pars_est[78]    -0.250664  7.06624e-05
S_pars_est[79]    -0.553348 -1.48456e-05
S_pars_est[80]     -1.22689 -6.83261e-06
S_pars_est[81]     -1.45682  -1.6323e-05
S_pars_est[82]     -1.86271 -1.67806e-05
S_pars_est[83]     -1.84779  1.40225e-05
S_pars_est[84]     -1.21848  -1.0988e-05
S_pars_est[85]    -0.850909  3.31711e-06
S_pars_est[86]     -0.77921  5.45782e-06
S_pars_est[87]    -0.710832 -2.53757e-06
S_pars_est[88]    -0.623436 -1.52626e-06
S_pars_est[89]     -0.52423 -3.57975e-07
S_pars_est[90]    -0.419948  3.52341e-06
S_pars_est[91]     -0.31131 -4.49231e-06
S_pars_est[92]    -0.197195 -8.39015e-07
S_pars_est[93]   -0.0804887 -1.16593e-05
log_fbar[1]    0.0765823 -0.000240143
log_fbar[2]     -5.51834 -0.000156514
log_fdev[1](1)     -1.56706  8.29979e-05
log_fdev[1](2)     -1.83185 -4.38779e-05
log_fdev[1](3)     -1.19694 -8.95855e-05
log_fdev[1](4)    -0.832491 -8.16947e-05
log_fdev[1](5)    -0.695231  6.90068e-05
log_fdev[1](6)     -0.33264  0.000196108
log_fdev[1](7)    -0.298447 -0.000284293
log_fdev[1](8)    -0.290706 -0.000356389
log_fdev[1](9)     0.710911  -0.00019584
log_fdev[1](10)     0.235513 -0.000207246
log_fdev[1](11)     0.555667 -4.61409e-05
log_fdev[1](12)     0.694083  9.92387e-05
log_fdev[1](13)      0.42383  2.36305e-05
log_fdev[1](14)      0.55439  3.73532e-05
log_fdev[1](15)     0.501311 -9.19075e-05
log_fdev[1](16)     0.337936 -0.000134321
log_fdev[1](17)      1.04187 -0.000193984
log_fdev[1](18)    -0.353421  2.83615e-05
log_fdev[1](19)    -0.452186  2.05509e-05
log_fdev[1](20)     0.205166 -3.14037e-05
log_fdev[1](21)     0.287143 -2.29332e-06
log_fdev[1](22)    -0.426742 -9.39616e-05
log_fdev[1](23)     -0.70135  4.10537e-06
log_fdev[1](24)    -0.903984  0.000175065
log_fdev[1](25)    -0.343219  1.27144e-05
log_fdev[1](26)    0.0548077 -2.47667e-05
log_fdev[1](27)    -0.260148  0.000151114
log_fdev[1](28)    -0.641376  0.000179867
log_fdev[1](29)    -0.756885  0.000147789
log_fdev[1](30)    -0.169425  0.000200551
log_fdev[1](31)     0.322327 -0.000127072
log_fdev[1](32)     0.699811 -0.000250286
log_fdev[1](33)      1.10903 -0.000145501
log_fdev[1](34)      1.21426  5.59259e-05
log_fdev[1](35)     0.768883  5.44941e-07
log_fdev[1](36)     0.849338  7.69912e-05
log_fdev[1](37)      1.37912  2.37043e-05
log_fdev[1](38)      1.52696  8.47431e-05
log_fdev[1](39)      1.36153  1.94745e-05
log_fdev[1](40)     -1.11871  3.66308e-05
log_fdev[1](41)     -1.66107  0.000309841
log_fdev[2](1)     0.171503  1.42731e-05
log_fdev[2](2)     0.193166  8.64289e-06
log_fdev[2](3)    0.0576325  5.27072e-06
log_fdev[2](4)    -0.106413  4.07084e-06
log_fdev[2](5)     -9.08058  5.07878e-06
log_fdev[2](6)      -5.0091 -1.49907e-05
log_fdev[2](7)     -5.47892 -1.43026e-05
log_fdev[2](8)     -1.66489  1.83943e-06
log_fdev[2](9)    -0.437778 -1.02719e-05
log_fdev[2](10)      2.14334  7.54028e-08
log_fdev[2](11)      1.62259  1.41248e-05
log_fdev[2](12)      1.39241  6.28058e-06
log_fdev[2](13)      1.20399  1.04288e-06
log_fdev[2](14)      1.51691 -1.66476e-05
log_fdev[2](15)      1.36315 -4.19228e-05
log_fdev[2](16)     0.699656 -4.20761e-05
log_fdev[2](17)     0.897252 -3.67801e-05
log_fdev[2](18)     0.352689 -4.80846e-06
log_fdev[2](19)      0.54615 -9.19812e-06
log_fdev[2](20)     0.511903  7.09572e-06
log_fdev[2](21)    0.0366064 -5.33225e-06
log_fdev[2](22)    0.0930746 -2.29909e-05
log_fdev[2](23)     0.104074 -2.50328e-06
log_fdev[2](24)    0.0504441  2.10641e-05
log_fdev[2](25)     0.684559  2.73669e-05
log_fdev[2](26)     0.428815  2.90357e-05
log_fdev[2](27)    -0.201261  1.51699e-05
log_fdev[2](28)     0.401201   7.1677e-06
log_fdev[2](29)    -0.759292  6.68889e-06
log_fdev[2](30)    -0.508401  3.87316e-07
log_fdev[2](31)   -0.0351335  -1.4381e-05
log_fdev[2](32)     0.236565 -4.00245e-05
log_fdev[2](33)      1.77223  -1.5885e-05
log_fdev[2](34)       3.0381 -2.56365e-05
log_fdev[2](35)    -0.610964 -4.82104e-06
log_fdev[2](36)     0.457952  9.40533e-06
log_fdev[2](37)      1.76148 -6.32248e-06
log_fdev[2](38)      1.01529   2.0955e-05
log_fdev[2](39)     0.984345  2.40968e-05
log_fdev[2](40)     0.419742  3.37925e-06
log_fdev[2](41)    -0.377688  7.61804e-06
log_fdev[2](42)     0.196365  1.26835e-05
log_fdev[2](43)   -0.0827649  1.60966e-05
log_foff[1]     -6.89508 -0.000112718
log_fdov[1](1)      1.60529 -4.15936e-05
log_fdov[1](2)      1.78656  1.38704e-05
log_fdov[1](3)      1.41432  3.68012e-05
log_fdov[1](4)      1.30434  1.35463e-05
log_fdov[1](5)      2.07767  9.39706e-05
log_fdov[1](6)       1.7397  5.63687e-05
log_fdov[1](7)     0.955719 -0.000110591
log_fdov[1](8)     0.617747 -0.000141178
log_fdov[1](9)      2.89332 -0.000151947
log_fdov[1](10)      1.41828 -6.73253e-05
log_fdov[1](11)      1.61046 -2.13537e-05
log_fdov[1](12)     0.777982 -2.61297e-05
log_fdov[1](13)     0.820386  1.28347e-05
log_fdov[1](14)    -0.492055  7.66628e-05
log_fdov[1](15)      1.18724  1.50293e-05
log_fdov[1](16)      1.40204  -2.4822e-05
log_fdov[1](17)     -1.75472 -1.08462e-05
log_fdov[1](18)    -0.228251  2.21933e-05
log_fdov[1](19)     -2.25143 -5.16139e-05
log_fdov[1](20)    0.0552549 -2.57365e-05
log_fdov[1](21)     -2.13243 -8.52759e-05
log_fdov[1](22)     -2.11183  -4.9467e-05
log_fdov[1](23)     -1.11109  8.13376e-05
log_fdov[1](24)    -0.453208 -3.00364e-06
log_fdov[1](25)     -2.51195 -6.57557e-05
log_fdov[1](26)    -0.203735 -4.02831e-05
log_fdov[1](27)     0.195166  1.69028e-05
log_fdov[1](28)      0.42257  4.25911e-05
log_fdov[1](29)     0.505037  6.64819e-05
log_fdov[1](30)      2.72224   3.8921e-05
log_fdov[1](31)     0.788416  9.38528e-06
log_fdov[1](32)         1.15  8.13313e-06
log_fdov[1](33)      1.79408 -4.27323e-05
log_fdov[1](34)     0.814634 -6.28995e-06
log_fdov[1](35)    0.0856753 -1.23335e-05
log_fdov[1](36)    -0.140106  4.08103e-05
log_fdov[1](37)     -1.03119  3.71474e-05
log_fdov[1](38)     -1.36347  7.95191e-05
log_fdov[1](39)     -4.53172  7.75672e-05
log_fdov[1](40)     -4.86894  5.31184e-05
log_fdov[1](41)     -4.95801   2.6282e-05
rec_dev_est(1982)     0.557044 -0.000286468
rec_dev_est(1983)     0.390648 -0.000273655
rec_dev_est(1984)      1.10798  -0.00053803
rec_dev_est(1985)      1.92391 -0.000123208
rec_dev_est(1986)      1.03894  8.59313e-07
rec_dev_est(1987)     0.567087  0.000144454
rec_dev_est(1988)    -0.187263  -0.00013763
rec_dev_est(1989)    -0.196691 -0.000118437
rec_dev_est(1990)      0.48831 -0.000192727
rec_dev_est(1991)      1.08011 -0.000599982
rec_dev_est(1992)    -0.219352  4.62519e-05
rec_dev_est(1993)    -0.067822 -4.05501e-05
rec_dev_est(1994)    -0.795765  0.000154062
rec_dev_est(1995)     -1.08966  8.62844e-05
rec_dev_est(1996)    -0.234971 -4.32619e-05
rec_dev_est(1997)    -0.752161  6.45084e-05
rec_dev_est(1998)     -0.35541  9.19962e-05
rec_dev_est(1999)    -0.540565  0.000196823
rec_dev_est(2000)     -1.65225 -2.27583e-05
rec_dev_est(2001)    0.0283578  9.63829e-05
rec_dev_est(2002)      1.34459  3.15564e-05
rec_dev_est(2003)    -0.142312 -0.000108599
rec_dev_est(2004)     0.297629 -0.000236062
rec_dev_est(2005)     -0.72156 -0.000227667
rec_dev_est(2006)     -1.52131 -0.000155983
rec_dev_est(2007)    -0.284957 -0.000395574
rec_dev_est(2008)     0.949619  0.000162991
rec_dev_est(2009)    -0.860468  9.52517e-05
rec_dev_est(2010)    -0.547205 -9.53251e-05
rec_dev_est(2011)    -0.796349 -1.28976e-05
rec_dev_est(2012)    -0.314788 -2.52278e-05
rec_dev_est(2013)    -0.802511  -1.7085e-05
rec_dev_est(2014)     0.593553   0.00019172
rec_dev_est(2015)     0.104822  0.000172343
rec_dev_est(2016)     0.103062  6.84606e-05
rec_dev_est(2017)     -1.25253  9.93457e-06
rec_dev_est(2018)     -1.41019  2.86362e-05
rec_dev_est(2019)    -0.878686  3.82399e-05
rec_dev_est(2020)     0.420015 -2.06812e-06
rec_dev_est(2021)     0.446726  3.68297e-05
rec_dev_est(2022)      1.32233 -6.99949e-06
rec_dev_est(2023)    -0.165865  1.98323e-05
rec_dev_est(2024)    -0.564749   -5.523e-06
logit_rec_prop_est(1982)      3.10871  0.000137068
logit_rec_prop_est(1983)       1.6028  6.16757e-05
logit_rec_prop_est(1984)     0.204253  4.69368e-05
logit_rec_prop_est(1985)    -0.177513    0.0011125
logit_rec_prop_est(1986)     -3.47567  0.000320539
logit_rec_prop_est(1987)     0.206462  0.000117049
logit_rec_prop_est(1988)     0.850327 -0.000313076
logit_rec_prop_est(1989)     0.219478 -9.03359e-06
logit_rec_prop_est(1990)      1.57024  -0.00144313
logit_rec_prop_est(1991)      1.73207  -0.00138793
logit_rec_prop_est(1992)     -0.38843  0.000177775
logit_rec_prop_est(1993)    -0.470061  9.05039e-05
logit_rec_prop_est(1994)    -0.938333   0.00090252
logit_rec_prop_est(1995)    -0.351313  0.000733708
logit_rec_prop_est(1996)     -2.18062 -0.000106961
logit_rec_prop_est(1997)       3.1544  0.000146129
logit_rec_prop_est(1998)    -0.812063  0.000521915
logit_rec_prop_est(1999)     0.505544  0.000187093
logit_rec_prop_est(2000)    -0.318602  0.000352066
logit_rec_prop_est(2001)      2.00736   0.00020926
logit_rec_prop_est(2002)     -1.48546  0.000477203
logit_rec_prop_est(2003)      1.67781 -6.61239e-05
logit_rec_prop_est(2004)     0.899436  -0.00112204
logit_rec_prop_est(2005)     0.165739 -0.000264654
logit_rec_prop_est(2006)      2.38779 -9.44466e-05
logit_rec_prop_est(2007)     0.215692  -0.00111644
logit_rec_prop_est(2008)     -1.02886 -9.61289e-05
logit_rec_prop_est(2009)    -0.463964  0.000405768
logit_rec_prop_est(2010)    -0.710157 -5.69538e-05
logit_rec_prop_est(2011)     -1.23206  0.000106894
logit_rec_prop_est(2012)    -0.739882 -0.000321469
logit_rec_prop_est(2013)   -0.0259038 -0.000116159
logit_rec_prop_est(2014)     0.274694 -0.000152176
logit_rec_prop_est(2015)     -2.97508  3.04166e-05
logit_rec_prop_est(2016)     -1.15961   0.00049937
logit_rec_prop_est(2017)      -3.6656  0.000232777
logit_rec_prop_est(2018)       -3.482  0.000228203
logit_rec_prop_est(2019)      1.68756  0.000471741
logit_rec_prop_est(2020)    -0.353865 -0.000293712
logit_rec_prop_est(2021)     0.267581  5.93464e-05
logit_rec_prop_est(2022)   -0.0186848  5.24144e-05
logit_rec_prop_est(2023)      1.56604   7.5676e-05
logit_rec_prop_est(2024)      2.14974  0.000145993
