ParName   Value   Gradient
T_pars_est[3]      13.6413  -0.00442014
T_pars_est[11]      8.45111  -7.2568e-05
T_pars_est[12]      8.46188  9.05318e-06
T_pars_est[13]      8.51297  8.85813e-06
T_pars_est[14]      8.75443 -5.75944e-05
T_pars_est[15]      9.27021  8.67534e-05
T_pars_est[16]      10.0135  1.75997e-05
T_pars_est[17]      10.7724  -3.1129e-05
T_pars_est[18]      11.1878 -0.000123497
T_pars_est[19]      11.2684 -2.87682e-05
T_pars_est[20]      11.3438 -1.33262e-05
T_pars_est[21]      11.3685 -1.26895e-05
T_pars_est[22]      11.1423  7.30191e-05
T_pars_est[23]      10.8103 -2.87694e-05
T_pars_est[24]      10.5489 -5.23832e-05
T_pars_est[25]      10.7141 -4.01087e-05
T_pars_est[26]      11.5013  1.33354e-05
T_pars_est[27]      11.0513 -4.40446e-06
T_pars_est[28]      10.1264 -1.74114e-05
T_pars_est[29]      9.14269  2.34049e-05
T_pars_est[30]      8.16529 -1.42644e-05
T_pars_est[31]      7.33373 -0.000158127
T_pars_est[32]      6.89508 -7.02308e-05
T_pars_est[33]      13.6896 -0.000124963
T_pars_est[34]      13.4112 -0.000323033
T_pars_est[35]      13.1657 -0.000176607
T_pars_est[36]      13.3137 -0.000185127
T_pars_est[37]      12.6579  -0.00010791
T_pars_est[38]      12.7775 -0.000162736
T_pars_est[39]      12.6216 -0.000293958
T_pars_est[40]      12.3914 -0.000147032
T_pars_est[41]      12.2645 -0.000142771
T_pars_est[42]      11.6587 -0.000162355
T_pars_est[43]      10.9111 -0.000101117
T_pars_est[44]      10.6704  3.92944e-05
T_pars_est[45]      10.7747 -9.34183e-05
T_pars_est[46]      10.1405  3.58587e-05
T_pars_est[47]      8.88407  3.60204e-05
T_pars_est[48]       7.8013  2.14487e-05
T_pars_est[49]      6.98912  9.69439e-05
T_pars_est[50]      6.41779   -4.344e-05
T_pars_est[51]      6.00488 -4.22779e-05
T_pars_est[52]      5.70519  -4.6963e-05
T_pars_est[53]      5.50199 -4.58578e-05
T_pars_est[54]      5.39869  3.38104e-05
T_pars_est[55]      9.81612  4.56135e-05
T_pars_est[56]      9.88154 -6.03064e-05
T_pars_est[57]       10.248  2.18866e-05
T_pars_est[58]      11.5328  4.77378e-05
T_pars_est[59]       13.237  0.000121536
T_pars_est[60]       13.919 -0.000302897
T_pars_est[61]      13.2432 -0.000185341
T_pars_est[62]      12.2257 -2.14936e-05
T_pars_est[63]      11.0807  2.62516e-05
T_pars_est[64]      9.95302  -4.9905e-05
T_pars_est[65]      9.21372 -1.55027e-05
T_pars_est[66]      8.79759 -5.99082e-05
T_pars_est[67]      8.55418  7.83857e-05
T_pars_est[68]      8.44159  4.44581e-05
T_pars_est[69]      8.30911  0.000110846
T_pars_est[70]      8.13897  -1.1559e-05
T_pars_est[71]      7.95862  6.50437e-05
T_pars_est[72]      7.78979  2.87715e-05
T_pars_est[73]      7.63446  4.79632e-05
T_pars_est[74]      7.49602  2.31199e-05
T_pars_est[75]      7.39683   3.0462e-06
T_pars_est[76]      7.34069 -4.30583e-05
T_pars_est[77]     -15.2348  2.25539e-05
T_pars_est[78]     -15.3431  3.01807e-05
T_pars_est[79]     -15.5292 -1.03398e-05
T_pars_est[80]     -15.0323 -3.79748e-06
T_pars_est[81]     -14.0438  2.43048e-05
T_pars_est[82]     -13.3199  -0.00011835
T_pars_est[83]     -14.4235 -1.71614e-05
T_pars_est[84]     -15.5266  4.31694e-05
T_pars_est[85]     -16.3747  2.52617e-05
T_pars_est[86]     -17.0311 -2.48877e-06
T_pars_est[87]     -17.4935 -6.00975e-05
T_pars_est[88]     -17.8377  2.87087e-05
T_pars_est[89]     -18.1101  4.69212e-05
T_pars_est[90]     -18.3385 -9.57445e-06
T_pars_est[91]     -18.5362  -4.2076e-05
T_pars_est[92]     -18.7102  4.02443e-05
T_pars_est[93]     -18.8641 -2.38135e-05
log_fbar[1]    0.0898954 -0.000193016
log_fbar[2]      -5.4985  0.000111953
log_fdev[1](1)     -1.46458  0.000205173
log_fdev[1](2)     -1.73598 -0.000125801
log_fdev[1](3)     -1.13653  8.21305e-05
log_fdev[1](4)    -0.786377 -0.000196284
log_fdev[1](5)    -0.649164  0.000199346
log_fdev[1](6)     -0.34861  0.000249144
log_fdev[1](7)    -0.353185  -0.00118148
log_fdev[1](8)    -0.317009 -0.000946215
log_fdev[1](9)     0.679704 -0.000326168
log_fdev[1](10)     0.197758  -0.00112255
log_fdev[1](11)     0.545287 -0.000853838
log_fdev[1](12)      0.68802  -0.00168117
log_fdev[1](13)     0.311657   0.00114141
log_fdev[1](14)     0.651009  0.000313505
log_fdev[1](15)     0.593865 -0.000431555
log_fdev[1](16)     0.307217  0.000608109
log_fdev[1](17)      0.99749   0.00179948
log_fdev[1](18)    -0.344516  0.000401401
log_fdev[1](19)    -0.447344 -0.000693788
log_fdev[1](20)     0.191578 -0.000803081
log_fdev[1](21)     0.268244 -0.000374006
log_fdev[1](22)    -0.458467 -1.97712e-05
log_fdev[1](23)    -0.761185  0.000459681
log_fdev[1](24)    -0.937508  0.000927309
log_fdev[1](25)     -0.36765  0.000705268
log_fdev[1](26)   0.00571415 -0.000118945
log_fdev[1](27)    -0.284981 -0.000174213
log_fdev[1](28)    -0.667525 -0.000583734
log_fdev[1](29)     -0.83115 -0.000277916
log_fdev[1](30)    -0.252655  0.000570109
log_fdev[1](31)     0.273474   0.00129051
log_fdev[1](32)      0.66727  0.000265382
log_fdev[1](33)       1.0604 -0.000197176
log_fdev[1](34)      1.18696 -0.000190909
log_fdev[1](35)     0.750385   0.00053563
log_fdev[1](36)     0.807338  0.000678198
log_fdev[1](37)      1.35891  0.000622181
log_fdev[1](38)      1.49942  0.000183953
log_fdev[1](39)      1.36515  9.22822e-05
log_fdev[1](40)     -1.02787 -0.000361727
log_fdev[1](41)     -1.23455  -0.00037948
log_fdev[2](1)     0.254947 -9.79777e-05
log_fdev[2](2)     0.265895  4.49186e-05
log_fdev[2](3)     0.107657  7.49726e-05
log_fdev[2](4)   -0.0713032  -0.00010423
log_fdev[2](5)     -9.05451  3.41497e-05
log_fdev[2](6)     -5.03902  1.88189e-05
log_fdev[2](7)     -5.51974  6.19357e-05
log_fdev[2](8)     -1.66728 -7.99762e-05
log_fdev[2](9)    -0.432814  1.48292e-05
log_fdev[2](10)      2.12693  -7.3077e-05
log_fdev[2](11)      1.61378 -0.000122843
log_fdev[2](12)      1.35864 -2.78767e-05
log_fdev[2](13)      1.14087    0.0002562
log_fdev[2](14)      1.55289   8.7419e-05
log_fdev[2](15)      1.39252  7.62613e-05
log_fdev[2](16)     0.666936  7.47049e-05
log_fdev[2](17)     0.866385   5.9136e-05
log_fdev[2](18)     0.354499 -4.44418e-05
log_fdev[2](19)     0.541599 -8.80612e-05
log_fdev[2](20)     0.498394 -0.000141331
log_fdev[2](21)    0.0224855  8.82135e-05
log_fdev[2](22)    0.0617917  0.000238496
log_fdev[2](23)    0.0494621  1.47342e-05
log_fdev[2](24)   0.00910701 -3.30885e-06
log_fdev[2](25)     0.650823 -0.000124471
log_fdev[2](26)     0.387281 -0.000102809
log_fdev[2](27)     -0.22807  0.000165087
log_fdev[2](28)     0.362398  5.57216e-05
log_fdev[2](29)    -0.839419  4.86021e-05
log_fdev[2](30)    -0.604832   0.00014883
log_fdev[2](31)      -0.1079  8.44033e-05
log_fdev[2](32)     0.174851 -5.49513e-05
log_fdev[2](33)      1.71312 -0.000232765
log_fdev[2](34)      3.00387 -2.74448e-05
log_fdev[2](35)    -0.625437  0.000119325
log_fdev[2](36)     0.450966  6.58064e-05
log_fdev[2](37)      1.74108  -6.7158e-05
log_fdev[2](38)      0.99249  5.15386e-05
log_fdev[2](39)      1.00025 -0.000153534
log_fdev[2](40)     0.497142  1.93432e-05
log_fdev[2](41)    -0.224817  1.71125e-05
log_fdev[2](42)     0.405644  6.40396e-05
log_fdev[2](43)     0.150447 -1.89413e-05
log_foff[1]     -6.82993 -0.000215183
log_fdov[1](1)      1.43308  -4.6149e-05
log_fdov[1](2)        1.621 -0.000182013
log_fdov[1](3)      1.28432  1.28645e-05
log_fdov[1](4)      1.19348 -6.21695e-05
log_fdov[1](5)      2.02913  4.20421e-05
log_fdov[1](6)      1.39297  0.000704415
log_fdov[1](7)      0.85329 -0.000595067
log_fdov[1](8)      1.09906 -0.000980657
log_fdov[1](9)      3.76246 -0.000667027
log_fdov[1](10)      2.06559 -0.000580984
log_fdov[1](11)      1.75826 -0.000308278
log_fdov[1](12)      0.73452 -0.000390566
log_fdov[1](13)     0.760579  0.000287403
log_fdov[1](14)    -0.743097  0.000160937
log_fdov[1](15)      1.03557 -4.22766e-05
log_fdov[1](16)      1.51619  0.000123168
log_fdov[1](17)     -1.56452  0.000259079
log_fdov[1](18)    -0.153091  0.000274209
log_fdov[1](19)     -2.23769  0.000166274
log_fdov[1](20)    0.0666563   0.00013671
log_fdov[1](21)     -2.01465  4.40436e-05
log_fdov[1](22)     -1.95738  5.32946e-05
log_fdov[1](23)     -1.02261  0.000174262
log_fdov[1](24)    -0.472819 -7.24482e-05
log_fdov[1](25)     -2.56441 -4.96616e-05
log_fdov[1](26)    -0.189628 -5.81232e-05
log_fdov[1](27)     0.262539 -0.000114866
log_fdov[1](28)     0.504529 -0.000207577
log_fdov[1](29)     0.573631 -0.000204951
log_fdov[1](30)      2.63195  3.13762e-05
log_fdov[1](31)     0.529179  0.000105217
log_fdov[1](32)      0.88377 -0.000153216
log_fdov[1](33)      1.60077  0.000110292
log_fdov[1](34)     0.704819   0.00012741
log_fdov[1](35)     0.079464  8.35141e-05
log_fdov[1](36)    0.0159345  0.000443797
log_fdov[1](37)    -0.976547   0.00035504
log_fdov[1](38)     -1.45791  0.000198142
log_fdov[1](39)     -4.56092 -4.33188e-05
log_fdov[1](40)     -4.94757 -1.75458e-05
log_fdov[1](41)      -5.5299  6.42963e-05
rec_dev_est(1982)     0.585278 -0.000551859
rec_dev_est(1983)     0.321296 -0.000328566
rec_dev_est(1984)      1.72068  -0.00155335
rec_dev_est(1985)      1.41661  -0.00510407
rec_dev_est(1986)     -0.77679 -0.000396333
rec_dev_est(1987)    -0.172507  0.000765444
rec_dev_est(1988)       1.5682  0.000722074
rec_dev_est(1989)    -0.454636  0.000441971
rec_dev_est(1990)     0.800671 -0.000120438
rec_dev_est(1991)      1.34085  0.000145777
rec_dev_est(1992)    -0.352531 -0.000406162
rec_dev_est(1993)    -0.540833  -0.00197295
rec_dev_est(1994)      -1.5555  -0.00100945
rec_dev_est(1995)    -0.457867 -0.000450861
rec_dev_est(1996)    -0.150084  7.64867e-05
rec_dev_est(1997)    -0.212052   0.00117511
rec_dev_est(1998)    -0.615799   0.00117513
rec_dev_est(1999)    -0.799963   0.00126981
rec_dev_est(2000)    -0.779865  0.000124882
rec_dev_est(2001)     0.119291   0.00013769
rec_dev_est(2002)      1.51833  0.000671606
rec_dev_est(2003)    0.0886751  0.000908533
rec_dev_est(2004)     0.325699   0.00135371
rec_dev_est(2005)    -0.722415  0.000940989
rec_dev_est(2006)    -0.852728  0.000178036
rec_dev_est(2007)    -0.389933 -0.000330392
rec_dev_est(2008)      1.47376 -0.000651874
rec_dev_est(2009)    -0.383246 -0.000517292
rec_dev_est(2010)    -0.454821   0.00155055
rec_dev_est(2011)     -1.06592   0.00011822
rec_dev_est(2012)    -0.708365  0.000536594
rec_dev_est(2013)    -0.876998  0.000291779
rec_dev_est(2014)     0.206364  -0.00123073
rec_dev_est(2015)      1.04554  0.000143739
rec_dev_est(2016)    -0.749496 -0.000490267
rec_dev_est(2017)     -1.57089  5.35753e-05
rec_dev_est(2018)    -0.726495  6.69456e-05
rec_dev_est(2019)    -0.726047 -0.000339509
rec_dev_est(2020)     0.501001  -0.00010464
rec_dev_est(2021)     0.915972  0.000184945
rec_dev_est(2022)      1.00344  0.000290977
rec_dev_est(2023)    -0.826566  -2.7602e-05
rec_dev_est(2024)     -1.60968 -0.000216995
logit_rec_prop_est(1982)      3.18447  -0.00120227
logit_rec_prop_est(1983)      4.70728  -0.00107784
logit_rec_prop_est(1984)     -0.83699  -0.00125982
logit_rec_prop_est(1985)      1.93446  -0.00334459
logit_rec_prop_est(1986)      0.49172 -0.000638546
logit_rec_prop_est(1987)      2.85703  -0.00136814
logit_rec_prop_est(1988)     -1.11004   0.00201738
logit_rec_prop_est(1989)    -0.656984 -0.000868515
logit_rec_prop_est(1990)    -0.535906   0.00214761
logit_rec_prop_est(1991)      2.24135   0.00297726
logit_rec_prop_est(1992)    -0.329148  -0.00144233
logit_rec_prop_est(1993)     0.832558  -0.00966928
logit_rec_prop_est(1994)      1.42188  -0.00346665
logit_rec_prop_est(1995)    -0.987525  -0.00358708
logit_rec_prop_est(1996)     -2.32609  -0.00132318
logit_rec_prop_est(1997)     0.354407   0.00415843
logit_rec_prop_est(1998)      0.26053   0.00634132
logit_rec_prop_est(1999)      2.41499   0.00219558
logit_rec_prop_est(2000)     -3.78985  -0.00034302
logit_rec_prop_est(2001)      2.96403 -0.000134138
logit_rec_prop_est(2002)     -1.57819   0.00462753
logit_rec_prop_est(2003)     0.674912   0.00284789
logit_rec_prop_est(2004)       2.3718   0.00580135
logit_rec_prop_est(2005)      1.91065   0.00140249
logit_rec_prop_est(2006)     -2.15222 -0.000507497
logit_rec_prop_est(2007)      0.85386  -0.00132989
logit_rec_prop_est(2008)     -1.51146  -0.00489496
logit_rec_prop_est(2009)     -0.94555   -0.0019999
logit_rec_prop_est(2010)    -0.658472   0.00657813
logit_rec_prop_est(2011)    -0.532163  0.000968974
logit_rec_prop_est(2012)    0.0297642  0.000890712
logit_rec_prop_est(2013)     0.168715 -0.000566567
logit_rec_prop_est(2014)      1.97731  -0.00169711
logit_rec_prop_est(2015)     -2.83421  -0.00151341
logit_rec_prop_est(2016)    -0.760372 -0.000971414
logit_rec_prop_est(2017)     -4.54049 -3.14308e-06
logit_rec_prop_est(2018)     -5.22794  3.57617e-05
logit_rec_prop_est(2019)     -1.06505  -0.00196864
logit_rec_prop_est(2020)     0.447987 -0.000687753
logit_rec_prop_est(2021)     -1.27785 -0.000473762
logit_rec_prop_est(2022)    -0.307943   0.00101597
logit_rec_prop_est(2023)   -0.0357654  -1.7133e-05
logit_rec_prop_est(2024)      1.90051  0.000199196
