ParName   Value   Gradient
T_pars_est[3]      13.4807   0.00945684
T_pars_est[11]      8.37129 -6.89779e-06
T_pars_est[12]      8.37901   7.2429e-05
T_pars_est[13]      8.42728  4.08521e-05
T_pars_est[14]      8.70328  7.78537e-05
T_pars_est[15]      9.25078  1.30246e-05
T_pars_est[16]       10.003 -7.12349e-05
T_pars_est[17]      10.7772  0.000302295
T_pars_est[18]       11.192  0.000170332
T_pars_est[19]      11.2785 -0.000134869
T_pars_est[20]      11.3646  0.000127503
T_pars_est[21]      11.3977  1.84781e-05
T_pars_est[22]      11.1719 -0.000127027
T_pars_est[23]      10.8331 -0.000107616
T_pars_est[24]      10.5679 -4.19646e-05
T_pars_est[25]      10.7308 -0.000839561
T_pars_est[26]      11.5164 -6.20905e-05
T_pars_est[27]      11.0643 -1.18441e-05
T_pars_est[28]      10.1408 -4.48215e-05
T_pars_est[29]      9.15735     3.44e-05
T_pars_est[30]      8.17815 -0.000296088
T_pars_est[31]      7.34442   0.00043445
T_pars_est[32]      6.90334  0.000306005
T_pars_est[33]      14.9649  0.000562014
T_pars_est[34]       13.689  0.000463272
T_pars_est[35]      13.1062   0.00035778
T_pars_est[36]      13.2513  0.000561818
T_pars_est[37]      12.8279  0.000476641
T_pars_est[38]      12.9175  0.000402273
T_pars_est[39]      12.6437  0.000116694
T_pars_est[40]      12.3666 -0.000432076
T_pars_est[41]      12.2461  0.000390617
T_pars_est[42]      11.6366 -0.000141099
T_pars_est[43]      10.9039 -0.000679879
T_pars_est[44]      10.6666  0.000458322
T_pars_est[45]      10.7721 -0.000293868
T_pars_est[46]      10.1433  5.00324e-05
T_pars_est[47]      8.88802  8.76687e-07
T_pars_est[48]      7.80422 -8.29961e-05
T_pars_est[49]      6.99146  0.000121638
T_pars_est[50]      6.41962 -0.000180468
T_pars_est[51]      6.00675   1.9287e-05
T_pars_est[52]       5.7075  0.000101356
T_pars_est[53]      5.50489  5.05387e-05
T_pars_est[54]      5.40198 -1.36613e-05
T_pars_est[55]      9.83272  5.18538e-05
T_pars_est[56]      9.88335  3.39667e-06
T_pars_est[57]      10.1822 -4.94628e-05
T_pars_est[58]      11.4412   2.0059e-05
T_pars_est[59]      13.2344 -9.72596e-05
T_pars_est[60]      13.9712 -8.57285e-05
T_pars_est[61]      13.3235 -0.000316156
T_pars_est[62]      12.2642   0.00060921
T_pars_est[63]      11.1122 -0.000473462
T_pars_est[64]      9.99969  0.000119738
T_pars_est[65]      9.26517 -6.45199e-05
T_pars_est[66]      8.84771 -0.000263925
T_pars_est[67]      8.62547 -0.000107081
T_pars_est[68]       8.5168 -4.78041e-05
T_pars_est[69]      8.38111  4.24947e-05
T_pars_est[70]      8.20609  1.29597e-05
T_pars_est[71]      8.01937 -0.000132317
T_pars_est[72]      7.84523 -0.000122287
T_pars_est[73]      7.68236 -0.000380812
T_pars_est[74]      7.53752  5.21189e-05
T_pars_est[75]      7.43357  0.000128183
T_pars_est[76]      7.37524 -3.54139e-05
T_pars_est[77]     -15.2348  9.17261e-06
T_pars_est[78]     -15.3431 -0.000171531
T_pars_est[79]     -15.5292  0.000226117
T_pars_est[80]     -15.0323  8.23194e-05
T_pars_est[81]     -14.0438  3.87177e-05
T_pars_est[82]     -13.3199 -7.68238e-07
T_pars_est[83]     -14.4235 -0.000267487
T_pars_est[84]     -15.5266 -3.46642e-05
T_pars_est[85]     -16.3747  1.95582e-05
T_pars_est[86]     -17.0311  1.04416e-05
T_pars_est[87]     -17.4935 -0.000115912
T_pars_est[88]     -17.8377 -4.33535e-06
T_pars_est[89]     -18.1101  0.000206571
T_pars_est[90]     -18.3385  8.59194e-06
T_pars_est[91]     -18.5362 -1.30256e-05
T_pars_est[92]     -18.7102 -3.39254e-05
T_pars_est[93]     -18.8641  3.64377e-05
log_fbar[1]    0.0744511  0.000166756
log_fbar[2]     -5.49975  0.000452567
log_fdev[1](1)     -1.46372 -0.000149309
log_fdev[1](2)     -1.72653 -0.000769333
log_fdev[1](3)     -1.12222 -0.000332697
log_fdev[1](4)    -0.796206 -6.47949e-05
log_fdev[1](5)    -0.688809 -0.000518806
log_fdev[1](6)    -0.440163  2.95482e-05
log_fdev[1](7)    -0.336681 -9.49333e-05
log_fdev[1](8)    -0.185454 -0.000380371
log_fdev[1](9)     0.771543 -0.000335024
log_fdev[1](10)     0.214399 -0.000296883
log_fdev[1](11)     0.568036 -0.000280025
log_fdev[1](12)     0.797867  0.000114404
log_fdev[1](13)     0.359346  0.000205284
log_fdev[1](14)     0.661657  0.000527198
log_fdev[1](15)      0.64242  4.91559e-05
log_fdev[1](16)     0.353069 -0.000127646
log_fdev[1](17)      1.02898   0.00018707
log_fdev[1](18)    -0.344915 -0.000319519
log_fdev[1](19)    -0.399294 -7.91777e-05
log_fdev[1](20)     0.250564 -5.03839e-05
log_fdev[1](21)     0.217193 -0.000202221
log_fdev[1](22)    -0.459345  0.000177133
log_fdev[1](23)    -0.743749  0.000256925
log_fdev[1](24)    -0.904063  0.000370453
log_fdev[1](25)    -0.313789  0.000502521
log_fdev[1](26)    0.0454798  0.000307327
log_fdev[1](27)    -0.335883  0.000251035
log_fdev[1](28)    -0.735586  0.000182149
log_fdev[1](29)     -0.85138  -0.00012738
log_fdev[1](30)    -0.239642 -1.02529e-05
log_fdev[1](31)     0.293214 -2.43302e-05
log_fdev[1](32)     0.700491  0.000131447
log_fdev[1](33)      1.08076  0.000160589
log_fdev[1](34)      1.17698  0.000153026
log_fdev[1](35)     0.735426 -9.54164e-06
log_fdev[1](36)     0.786114  0.000124841
log_fdev[1](37)      1.33966  5.60944e-05
log_fdev[1](38)      1.52786  0.000214756
log_fdev[1](39)      1.37156  0.000164806
log_fdev[1](40)      -1.1346  0.000155571
log_fdev[1](41)     -1.70058 -0.000200001
log_fdev[2](1)      0.23838 -1.00973e-05
log_fdev[2](2)     0.257231  6.54166e-05
log_fdev[2](3)    0.0997736  1.55958e-05
log_fdev[2](4)    -0.102569  1.03979e-06
log_fdev[2](5)      -9.1154  6.99023e-05
log_fdev[2](6)     -5.11099  4.36246e-05
log_fdev[2](7)     -5.50261  4.45839e-05
log_fdev[2](8)     -1.58443   2.3818e-05
log_fdev[2](9)    -0.383592  6.66581e-05
log_fdev[2](10)      2.13466 -5.03315e-05
log_fdev[2](11)      1.64339  6.70226e-06
log_fdev[2](12)      1.42272  3.31682e-05
log_fdev[2](13)       1.1456  1.57872e-06
log_fdev[2](14)      1.53282  2.43724e-05
log_fdev[2](15)      1.40059 -5.08122e-06
log_fdev[2](16)     0.684802  1.02214e-05
log_fdev[2](17)     0.867596  4.83219e-06
log_fdev[2](18)     0.347995  2.77683e-06
log_fdev[2](19)     0.566812 -1.76865e-06
log_fdev[2](20)     0.510147  3.17014e-05
log_fdev[2](21)    -0.017995  7.00977e-05
log_fdev[2](22)    0.0499953  3.45936e-06
log_fdev[2](23)    0.0563079  1.79341e-05
log_fdev[2](24)    0.0485645  0.000104185
log_fdev[2](25)     0.706377  9.49816e-05
log_fdev[2](26)     0.399169  9.06397e-05
log_fdev[2](27)    -0.291059  5.11916e-05
log_fdev[2](28)     0.293551  1.33456e-05
log_fdev[2](29)    -0.869677  0.000100866
log_fdev[2](30)    -0.586832   8.2901e-05
log_fdev[2](31)   -0.0489581  2.93621e-05
log_fdev[2](32)     0.242935  3.68949e-05
log_fdev[2](33)      1.76662  4.99532e-05
log_fdev[2](34)      3.05657  7.16043e-05
log_fdev[2](35)    -0.585746  9.91792e-05
log_fdev[2](36)     0.472253  1.04693e-05
log_fdev[2](37)      1.80815  2.11715e-05
log_fdev[2](38)       1.1026  5.99355e-05
log_fdev[2](39)       1.0838  5.00845e-05
log_fdev[2](40)     0.479879   5.9965e-05
log_fdev[2](41)    -0.330478  3.71467e-05
log_fdev[2](42)     0.211282  1.02914e-05
log_fdev[2](43)    -0.100245 -1.80313e-06
log_foff[1]     -6.71799   0.00121001
log_fdov[1](1)      1.28187  7.80143e-06
log_fdov[1](2)      1.46112 -0.000212957
log_fdov[1](3)      1.11777 -0.000126871
log_fdov[1](4)     0.987918  1.16688e-05
log_fdov[1](5)      1.52063 -8.51144e-05
log_fdov[1](6)      1.21077  2.46908e-05
log_fdov[1](7)     0.647298    2.051e-05
log_fdov[1](8)     0.481409  6.97847e-06
log_fdov[1](9)       3.0833 -5.44894e-05
log_fdov[1](10)       1.6958 -6.56914e-05
log_fdov[1](11)      1.71416  3.54928e-06
log_fdov[1](12)     0.715033  7.06252e-05
log_fdov[1](13)     0.622478  9.17584e-05
log_fdov[1](14)     -1.15844   0.00020699
log_fdov[1](15)       0.5132  3.70083e-05
log_fdov[1](16)     0.970666  -0.00011614
log_fdov[1](17)     -2.05219  7.64447e-05
log_fdov[1](18)    -0.414787   3.8536e-05
log_fdov[1](19)     -2.37571   0.00013422
log_fdov[1](20)   -0.0798045  8.53061e-05
log_fdov[1](21)     -2.14034 -4.22883e-05
log_fdov[1](22)     -2.16141  5.89396e-05
log_fdov[1](23)     -1.27728  0.000105632
log_fdov[1](24)    -0.462307   0.00017475
log_fdov[1](25)      -2.2708  8.40147e-05
log_fdov[1](26)   -0.0676671  4.54689e-05
log_fdov[1](27)     0.200011  0.000101643
log_fdov[1](28)     0.388199   0.00010748
log_fdov[1](29)     0.445752  6.58824e-05
log_fdov[1](30)      2.79843  1.04572e-05
log_fdov[1](31)      1.04975  3.65264e-05
log_fdov[1](32)      1.46612  0.000105967
log_fdov[1](33)      2.19586  0.000162834
log_fdov[1](34)      1.29024   5.6778e-05
log_fdov[1](35)     0.574715 -2.26051e-05
log_fdov[1](36)     0.241858  1.90147e-05
log_fdov[1](37)    -0.707017  0.000137136
log_fdov[1](38)    -0.871233  0.000238112
log_fdov[1](39)     -3.87487  0.000168508
log_fdov[1](40)     -4.09165  4.61688e-05
log_fdov[1](41)     -4.66888  2.49053e-05
rec_dev_est(1982)    -0.363593 -6.13262e-05
rec_dev_est(1983)      1.00204 -0.000164637
rec_dev_est(1984)      1.39142 -0.000261264
rec_dev_est(1985)      2.18127  0.000256433
rec_dev_est(1986)    -0.212468  0.000408707
rec_dev_est(1987)    0.0214426    0.0002627
rec_dev_est(1988)      1.25187 -0.000560268
rec_dev_est(1989)    -0.712033 -0.000125314
rec_dev_est(1990)     0.597865  0.000788545
rec_dev_est(1991)      2.05423 -0.000430552
rec_dev_est(1992)    -0.114234  -0.00151171
rec_dev_est(1993)    0.0420681 -6.90114e-05
rec_dev_est(1994)     -1.28768 -0.000637004
rec_dev_est(1995)     -1.26802  0.000412742
rec_dev_est(1996)    -0.636919  0.000687719
rec_dev_est(1997)    -0.152781   0.00045885
rec_dev_est(1998)    -0.120331  0.000231206
rec_dev_est(1999)    -0.271515   0.00112567
rec_dev_est(2000)     -1.42587  0.000890353
rec_dev_est(2001)      0.71409  0.000467186
rec_dev_est(2002)     0.917575  3.58833e-05
rec_dev_est(2003)     0.560547 -0.000218027
rec_dev_est(2004)      1.09637  0.000761512
rec_dev_est(2005)    -0.388853 -1.63486e-05
rec_dev_est(2006)     -1.16109  0.000482653
rec_dev_est(2007)    -0.035773  0.000229677
rec_dev_est(2008)     0.678129  9.53009e-05
rec_dev_est(2009)     -0.66559  0.000999586
rec_dev_est(2010)    -0.740178  0.000257552
rec_dev_est(2011)      -1.0818  0.000569399
rec_dev_est(2012)    -0.561294 -0.000280581
rec_dev_est(2013)    -0.533995 -7.06096e-05
rec_dev_est(2014)     0.859417  0.000533214
rec_dev_est(2015)    -0.549944  0.000626576
rec_dev_est(2016)    -0.688421  1.04985e-05
rec_dev_est(2017)     -2.09724 -9.21263e-05
rec_dev_est(2018)     -1.96158 -0.000311087
rec_dev_est(2019)    -0.472572  0.000143661
rec_dev_est(2020)     0.860405  -4.0171e-06
rec_dev_est(2021)     0.411784 -5.34961e-05
rec_dev_est(2022)      1.10796 -1.55244e-05
rec_dev_est(2023)    -0.479336  9.19632e-05
rec_dev_est(2024)     -1.33878  2.18825e-05
