ParName   Value   Gradient
T_pars_est[3]      13.8916  0.000913624
T_pars_est[11]      9.55832   0.00129445
T_pars_est[12]      9.57225  -0.00116684
T_pars_est[13]      9.61969   3.7404e-05
T_pars_est[14]      9.74711  0.000813704
T_pars_est[15]      10.2468  -0.00103769
T_pars_est[16]      10.8438   0.00138632
T_pars_est[17]      11.3335  -0.00365193
T_pars_est[18]      11.5388   0.00450366
T_pars_est[19]      11.5973  -0.00356481
T_pars_est[20]      11.5903  -0.00335416
T_pars_est[21]      11.5296   0.00514988
T_pars_est[22]      11.2775 -2.92833e-05
T_pars_est[23]      10.9801  -0.00190764
T_pars_est[24]      10.7367   0.00964435
T_pars_est[25]      10.8142   -0.0033753
T_pars_est[26]      11.8364  -0.00147491
T_pars_est[27]      11.2517 -0.000323348
T_pars_est[28]      10.2279  0.000271674
T_pars_est[29]       9.1445  0.000453264
T_pars_est[30]      8.11161  0.000434185
T_pars_est[31]      7.27707 -0.000254929
T_pars_est[32]      6.86497 -0.000650315
T_pars_est[33]      13.8365 -0.000428705
T_pars_est[34]      13.7784  -0.00101282
T_pars_est[35]      13.3298  -0.00205607
T_pars_est[36]      13.3448   0.00262121
T_pars_est[37]      12.8666  -0.00432457
T_pars_est[38]      12.9149  -0.00305491
T_pars_est[39]      12.5807   0.00795326
T_pars_est[40]      12.2949 -0.000386205
T_pars_est[41]         12.2   0.00200374
T_pars_est[42]      11.6346  -0.00426412
T_pars_est[43]      10.9766  0.000496864
T_pars_est[44]      10.8593  0.000684728
T_pars_est[45]       10.939  -0.00474878
T_pars_est[46]      9.98794  0.000844581
T_pars_est[47]      8.64552 -0.000274936
T_pars_est[48]      7.61216  0.000468028
T_pars_est[49]      6.86884  -0.00236232
T_pars_est[50]      6.34513   0.00187296
T_pars_est[51]      5.96268  -0.00121177
T_pars_est[52]      5.67912   0.00065921
T_pars_est[53]      5.48157 -0.000156815
T_pars_est[54]      5.37889 -2.90262e-05
T_pars_est[55]      12.1821  -0.00080362
T_pars_est[56]      12.1872  0.000300463
T_pars_est[57]      12.2127 -0.000484538
T_pars_est[58]       12.334   0.00486953
T_pars_est[59]      13.3492   0.00182433
T_pars_est[60]      13.6351   0.00117974
T_pars_est[61]      13.1627    0.0012226
T_pars_est[62]      12.3236  0.000264836
T_pars_est[63]      11.2432  -0.00385705
T_pars_est[64]      10.1029   0.00214846
T_pars_est[65]      9.31012  -0.00202372
T_pars_est[66]      8.82071   0.00315526
T_pars_est[67]      8.53062  -0.00140226
T_pars_est[68]      8.44163  5.72557e-05
T_pars_est[69]      8.31461   0.00115646
T_pars_est[70]        8.095    0.0016082
T_pars_est[71]      7.81378  -0.00152107
T_pars_est[72]      7.52483 -0.000457657
T_pars_est[73]      7.24586   0.00280406
T_pars_est[74]      6.98362   0.00132929
T_pars_est[75]      6.80686   -0.0012808
T_pars_est[76]      6.72695  0.000557093
T_pars_est[77]     -13.8464  -0.00154235
T_pars_est[78]     -13.8682 -0.000476356
T_pars_est[79]     -13.9328  -0.00196765
T_pars_est[80]     -13.9753   0.00202601
T_pars_est[81]     -13.7103  -0.00115486
T_pars_est[82]     -13.4267 -0.000692476
T_pars_est[83]     -14.3279 -0.000661505
T_pars_est[84]     -15.3812   0.00156235
T_pars_est[85]     -16.2981 -0.000605526
T_pars_est[86]     -16.9867   0.00114705
T_pars_est[87]     -17.4701  0.000225764
T_pars_est[88]     -17.8128   0.00124484
T_pars_est[89]     -18.0925   0.00082044
T_pars_est[90]     -18.3256  0.000404909
T_pars_est[91]      -18.527 -0.000558516
T_pars_est[92]     -18.7041  -0.00102554
T_pars_est[93]     -18.8611 -0.000727609
G_pars_est[1]    0.0401179  0.000476698
G_pars_est[2]    -0.254445   0.00013905
G_pars_est[4]     -4.74158 -0.000352704
G_pars_est[5]    -0.423957  7.08358e-05
S_pars_est[5]     -3.06106 -0.000974442
S_pars_est[6]     -2.65817 -3.35267e-05
S_pars_est[7]     -2.32459  -0.00097331
S_pars_est[8]     -1.53976  3.57115e-05
S_pars_est[9]     -1.58262  -0.00111284
S_pars_est[10]     -1.38989  0.000221293
S_pars_est[11]      -1.1185  0.000480803
S_pars_est[12]     -1.07629 -5.36403e-05
S_pars_est[13]     -1.15617   0.00011833
S_pars_est[14]     -1.08731   0.00110443
S_pars_est[15]    -0.996411  0.000127787
S_pars_est[16]    -0.935554  -0.00136348
S_pars_est[17]    -0.900809  0.000159845
S_pars_est[18]      -0.8045  0.000403139
S_pars_est[19]    -0.795995 -0.000306906
S_pars_est[20]    -0.902389 -0.000170642
S_pars_est[21]    -0.735635  0.000574509
S_pars_est[22]     -0.62369  0.000664743
S_pars_est[23]    -0.434054   2.4786e-05
S_pars_est[24]    -0.281027  0.000178256
S_pars_est[25]    -0.177114 -4.13368e-05
S_pars_est[26]    -0.190105   0.00136016
S_pars_est[27]     -3.79666 -2.91096e-05
S_pars_est[28]     -3.18547   0.00061212
S_pars_est[29]     -2.41811 -0.000469044
S_pars_est[30]     -1.72593  -0.00297467
S_pars_est[31]     -1.51697  0.000555441
S_pars_est[32]     -1.31557   0.00324999
S_pars_est[33]     -1.11252 -0.000651232
S_pars_est[34]     -1.00839   0.00296656
S_pars_est[35]     -1.06863  -0.00125035
S_pars_est[36]     -1.06409 -0.000671049
S_pars_est[37]     -1.00826   0.00162523
S_pars_est[38]    -0.931922  0.000149327
S_pars_est[39]    -0.883644   0.00033059
S_pars_est[40]    -0.766122 -0.000538566
S_pars_est[41]    -0.614254 -0.000632768
S_pars_est[42]    -0.363837  0.000211933
S_pars_est[43]    -0.252387 -0.000300113
S_pars_est[44]    -0.178935 -0.000749157
S_pars_est[45]    -0.148175  0.000173977
S_pars_est[46]     -0.10801 -0.000382286
S_pars_est[47]   -0.0633851  3.46566e-05
S_pars_est[48]   -0.0440815  7.81848e-06
S_pars_est[51]     -5.93872 -0.000307409
S_pars_est[52]     -5.38441 -3.92714e-05
S_pars_est[53]     -4.09449   0.00110624
S_pars_est[54]     -2.18014  -0.00125419
S_pars_est[55]     -1.34641  0.000502203
S_pars_est[56]    -0.597169 -0.000202385
S_pars_est[57]    -0.536823  -0.00133284
S_pars_est[58]    -0.748529  8.45614e-05
S_pars_est[59]    -0.807081  3.21516e-06
S_pars_est[60]    -0.921114  -0.00131912
S_pars_est[61]    -0.917712 -0.000393198
S_pars_est[62]     -0.87187  0.000407445
S_pars_est[63]    -0.837756   0.00105138
S_pars_est[64]    -0.790108  0.000436778
S_pars_est[65]    -0.720292 -2.65935e-06
S_pars_est[66]    -0.630122 -4.01341e-05
S_pars_est[67]    -0.528695 -5.55116e-06
S_pars_est[68]    -0.422979 -3.60357e-05
S_pars_est[69]    -0.313599 -4.61245e-05
S_pars_est[70]    -0.199168 -5.68103e-05
S_pars_est[71]   -0.0826545    0.0016857
S_pars_est[73]     -4.53429  0.000666839
S_pars_est[74]     -3.66915 -0.000611267
S_pars_est[75]     -3.09345 -0.000654525
S_pars_est[76]     -1.17171  -0.00281166
S_pars_est[77]    -0.589037   0.00182116
S_pars_est[78]    -0.186381 -0.000352366
S_pars_est[79]    -0.262822   0.00204169
S_pars_est[80]    -0.879417  0.000184388
S_pars_est[81]     -1.03024  0.000797905
S_pars_est[82]      -1.2421 -0.000200384
S_pars_est[83]     -1.38525 -0.000304091
S_pars_est[84]     -1.03364 -0.000394984
S_pars_est[85]    -0.833074 -0.000149402
S_pars_est[86]    -0.778044   -0.0014755
S_pars_est[87]    -0.710722   0.00038064
S_pars_est[88]    -0.623403  0.000812629
S_pars_est[89]    -0.524226  0.000160839
S_pars_est[90]    -0.419964 -2.64095e-05
S_pars_est[91]    -0.311338 -7.11176e-07
S_pars_est[92]    -0.197233  5.03272e-06
S_pars_est[93]   -0.0805374  9.89929e-06
log_fbar[1]     0.260392 -0.000535033
log_fbar[2]     -4.51958 -0.000111346
log_fdev[1](1)      -1.5368   0.00108682
log_fdev[1](2)     -1.80684   0.00258178
log_fdev[1](3)     -1.17744  0.000731769
log_fdev[1](4)    -0.831752  -0.00078759
log_fdev[1](5)    -0.716972  0.000839269
log_fdev[1](6)    -0.399452  0.000487603
log_fdev[1](7)    -0.389938   0.00160668
log_fdev[1](8)    -0.423843   0.00148348
log_fdev[1](9)     0.608493  -0.00090689
log_fdev[1](10)     0.204898 -0.000418613
log_fdev[1](11)     0.670722   5.9474e-05
log_fdev[1](12)     0.866826  0.000785216
log_fdev[1](13)     0.252769  0.000381618
log_fdev[1](14)     0.567185 -0.000472032
log_fdev[1](15)     0.558372   -0.0016375
log_fdev[1](16)      0.30982 -0.000499747
log_fdev[1](17)       1.1628   0.00014811
log_fdev[1](18)    -0.328542 -5.56856e-05
log_fdev[1](19)    -0.418607  0.000419138
log_fdev[1](20)     0.179126 -0.000535039
log_fdev[1](21)     0.309786  -0.00191295
log_fdev[1](22)    -0.293066 -7.81724e-05
log_fdev[1](23)    -0.445249 -0.000312723
log_fdev[1](24)    -0.743807 -0.000589919
log_fdev[1](25)    -0.209539 -0.000245656
log_fdev[1](26)     0.149942 -0.000131066
log_fdev[1](27)    -0.106934  6.82877e-06
log_fdev[1](28)    -0.624639 -0.000527361
log_fdev[1](29)    -0.619781 -0.000239237
log_fdev[1](30)    -0.172474 -0.000147102
log_fdev[1](31)     0.229513 -0.000279697
log_fdev[1](32)      0.60048  0.000255526
log_fdev[1](33)      1.02284 -0.000596686
log_fdev[1](34)      1.00108  -0.00360373
log_fdev[1](35)     0.567806  0.000137189
log_fdev[1](36)     0.662668   0.00179222
log_fdev[1](37)      1.07267  -0.00237342
log_fdev[1](38)     0.908599   0.00591532
log_fdev[1](39)      1.25933   0.00151846
log_fdev[1](40)    -0.618938  -0.00385013
log_fdev[1](41)    -0.828581 -0.000900041
log_fdev[1](42)    -0.472528  0.000309892
log_fdev[2](1)    0.0564909 -0.000752977
log_fdev[2](2)    0.0386167  -0.00011908
log_fdev[2](3)    -0.172501  5.62749e-05
log_fdev[2](4)    -0.381089  0.000624496
log_fdev[2](5)     -9.34789   0.00121803
log_fdev[2](6)     -5.24793  0.000763623
log_fdev[2](7)      -5.7104 -0.000516355
log_fdev[2](8)     -1.90877   0.00175257
log_fdev[2](9)    -0.579721  -0.00174574
log_fdev[2](10)      1.99726  0.000464851
log_fdev[2](11)      1.56078  -0.00225909
log_fdev[2](12)        1.478   0.00395847
log_fdev[2](13)      1.12237 -0.000453341
log_fdev[2](14)      1.64417  -0.00353198
log_fdev[2](15)      1.41496 -0.000347458
log_fdev[2](16)     0.576906  -0.00208778
log_fdev[2](17)     0.888045 -0.000443987
log_fdev[2](18)     0.275266 -0.000736088
log_fdev[2](19)     0.483904  -0.00233362
log_fdev[2](20)     0.499205   0.00887668
log_fdev[2](21)     0.126078  -0.00319635
log_fdev[2](22)     0.154111  -0.00265449
log_fdev[2](23)     0.188866   0.00294029
log_fdev[2](24)   -0.0317393  -0.00641976
log_fdev[2](25)     0.658786   0.00439962
log_fdev[2](26)     0.447514 -0.000295899
log_fdev[2](27)    -0.173945  -0.00304505
log_fdev[2](28)     0.253985  0.000109843
log_fdev[2](29)    -0.864916   0.00382427
log_fdev[2](30)    -0.744718  -0.00124235
log_fdev[2](31)    -0.196403  -0.00397054
log_fdev[2](32)     0.186917  0.000238453
log_fdev[2](33)      1.73887  0.000438577
log_fdev[2](34)      2.98859   0.00505036
log_fdev[2](35)    -0.623022  -0.00319622
log_fdev[2](36)     0.325633  0.000626481
log_fdev[2](37)      1.62942   0.00105111
log_fdev[2](38)     0.837403   -0.0058467
log_fdev[2](39)      1.22206  -0.00269419
log_fdev[2](40)     0.818963   0.00144783
log_fdev[2](41)    -0.120159   0.00822141
log_fdev[2](42)     0.562244 -0.000834017
log_fdev[2](43)     0.478776   0.00222147
log_fdev[2](44)      1.44901   0.00201536
log_foff[1]      -7.4784 -0.000280195
log_fdov[1](1)      1.62631 -0.000839391
log_fdov[1](2)      1.80709  -0.00325937
log_fdov[1](3)      1.43487  0.000346336
log_fdov[1](4)      1.33564   0.00319943
log_fdov[1](5)      2.13089  -0.00059225
log_fdov[1](6)      1.54656   0.00508745
log_fdov[1](7)     0.708115  -0.00176805
log_fdov[1](8)     0.524699  -0.00369223
log_fdov[1](9)      2.87479   0.00207125
log_fdov[1](10)      1.38101  0.000590035
log_fdov[1](11)      1.44875 -0.000539572
log_fdov[1](12)     0.582268  -0.00125609
log_fdov[1](13)     0.960345  -0.00118085
log_fdov[1](14)    -0.581137 -0.000489888
log_fdov[1](15)     0.964002   0.00230959
log_fdov[1](16)      1.19143  0.000564024
log_fdov[1](17)     -2.15178  -0.00108336
log_fdov[1](18)     -0.43576 -0.000445486
log_fdov[1](19)     -2.28629  -0.00109411
log_fdov[1](20)     0.140317   0.00138857
log_fdov[1](21)     -2.09882   0.00309372
log_fdov[1](22)     -2.25859 -0.000928595
log_fdov[1](23)     -1.47497  0.000131582
log_fdov[1](24)      -0.8521  0.000307255
log_fdov[1](25)     -2.71049 -0.000432127
log_fdov[1](26)    -0.293488 -0.000827621
log_fdov[1](27)    0.0444179  -0.00100903
log_fdov[1](28)     0.394171  0.000301413
log_fdov[1](29)     0.272271 -7.89027e-05
log_fdov[1](30)      2.50157 -0.000396837
log_fdov[1](31)     0.707919  4.22134e-07
log_fdov[1](32)      1.09255  -0.00112348
log_fdov[1](33)      1.70902  0.000197619
log_fdov[1](34)     0.901694   0.00670484
log_fdov[1](35)     0.261623  -0.00152628
log_fdov[1](36)   -0.0129255  -0.00472774
log_fdov[1](37)      -1.0678   0.00551624
log_fdov[1](38)    -0.354528   -0.0127211
log_fdov[1](39)     -3.50538  -0.00510945
log_fdov[1](40)     -4.32098    0.0118997
log_fdov[1](41)     -5.24251   0.00233126
log_fdov[1](42)      1.10523  0.000887988
rec_dev_est(1982)     0.221404 -0.000898338
rec_dev_est(1983)     0.269791 -0.000959636
rec_dev_est(1984)      1.35348  -0.00195418
rec_dev_est(1985)      1.78768   0.00196998
rec_dev_est(1986)      1.02507 -0.000997209
rec_dev_est(1987)     0.167252  -0.00108554
rec_dev_est(1988)    -0.457949  3.78307e-05
rec_dev_est(1989)    -0.769311  0.000472953
rec_dev_est(1990)     0.756681   0.00115354
rec_dev_est(1991)     0.918651 -0.000469548
rec_dev_est(1992)    -0.282975  0.000394492
rec_dev_est(1993)     0.116133  -0.00115191
rec_dev_est(1994)    -0.402859  -0.00010219
rec_dev_est(1995)    -0.896022   0.00247998
rec_dev_est(1996)     -1.49919   0.00106921
rec_dev_est(1997)     -1.37408   -0.0021755
rec_dev_est(1998)    -0.563155  0.000208929
rec_dev_est(1999)    -0.643232  0.000974699
rec_dev_est(2000)     -1.42441  -0.00278895
rec_dev_est(2001)     0.057242  0.000458877
rec_dev_est(2002)      1.22872  8.94435e-05
rec_dev_est(2003)    -0.528532   0.00348017
rec_dev_est(2004)     0.204002  -0.00081109
rec_dev_est(2005)    -0.749117  -0.00112618
rec_dev_est(2006)     -1.57054  0.000537233
rec_dev_est(2007)    0.0368776 -0.000570392
rec_dev_est(2008)      0.94841  1.40798e-05
rec_dev_est(2009)    -0.640218  7.88126e-05
rec_dev_est(2010)    -0.618098 -0.000207822
rec_dev_est(2011)    -0.490929   0.00145086
rec_dev_est(2012)    -0.980016    0.0015329
rec_dev_est(2013)    -0.797738  -0.00533376
rec_dev_est(2014)      1.12369  0.000378536
rec_dev_est(2015)      1.24719   0.00108608
rec_dev_est(2016)      1.55291 -0.000889471
rec_dev_est(2017)    -0.518248  0.000589681
rec_dev_est(2018)    -0.962634   0.00158222
rec_dev_est(2019)     -0.97566   0.00405862
rec_dev_est(2020)    0.0970614  -0.00162513
rec_dev_est(2021)     0.489604  -0.00146018
rec_dev_est(2022)      1.47181 -0.000824663
rec_dev_est(2023)    -0.391206  0.000504155
rec_dev_est(2024)    -0.813371   0.00132733
rec_dev_est(2025)    -0.396572  0.000518892
logit_rec_prop_est(1982)      3.05582  0.000301945
logit_rec_prop_est(1983)      1.88563  0.000390557
logit_rec_prop_est(1984)    0.0205517  0.000172028
logit_rec_prop_est(1985)    -0.644324 -0.000632106
logit_rec_prop_est(1986)     -3.60312 -0.000198936
logit_rec_prop_est(1987)     0.363167 -2.83302e-05
logit_rec_prop_est(1988)    -0.182131  0.000279762
logit_rec_prop_est(1989)      1.05496 -0.000859887
logit_rec_prop_est(1990)      1.93423 -7.23027e-05
logit_rec_prop_est(1991)      1.46451 -8.28261e-05
logit_rec_prop_est(1992)     -2.03027  -7.4571e-05
logit_rec_prop_est(1993)     -1.54608  0.000871497
logit_rec_prop_est(1994)      -1.3909 -0.000342655
logit_rec_prop_est(1995)     -1.20322  0.000340522
logit_rec_prop_est(1996)      3.95486  0.000726475
logit_rec_prop_est(1997)     0.938268 -0.000224195
logit_rec_prop_est(1998)    0.0896243  0.000424167
logit_rec_prop_est(1999)    -0.884408 -0.000141573
logit_rec_prop_est(2000)     -2.11351  -0.00081088
logit_rec_prop_est(2001)      1.02764 -3.17968e-05
logit_rec_prop_est(2002)     -1.66035 -6.72186e-06
logit_rec_prop_est(2003)      3.98482  0.000870018
logit_rec_prop_est(2004)     0.990443 -0.000504411
logit_rec_prop_est(2005)    -0.740575  0.000717831
logit_rec_prop_est(2006)      2.08163  2.47862e-06
logit_rec_prop_est(2007)    -0.316238 -0.000233241
logit_rec_prop_est(2008)     -1.01098 -0.000210549
logit_rec_prop_est(2009)      -1.8088  0.000405245
logit_rec_prop_est(2010)    -0.488916 -0.000366613
logit_rec_prop_est(2011)     -1.84347 -0.000622936
logit_rec_prop_est(2012)      1.46714   0.00137216
logit_rec_prop_est(2013)     0.104204  -0.00114398
logit_rec_prop_est(2014)      0.93459  2.57871e-05
logit_rec_prop_est(2015)     -1.09874  0.000836863
logit_rec_prop_est(2016)     -3.69146  -0.00207837
logit_rec_prop_est(2017)     -3.05372  0.000425152
logit_rec_prop_est(2018)     -2.20936 -0.000277798
logit_rec_prop_est(2019)     -2.58597 -0.000437789
logit_rec_prop_est(2020)     0.632827  0.000519431
logit_rec_prop_est(2021)     0.647074 -1.68512e-05
logit_rec_prop_est(2022)    -0.266997 -0.000180555
logit_rec_prop_est(2023)      4.26537 -0.000622174
logit_rec_prop_est(2024)      2.73435  0.000596459
logit_rec_prop_est(2025)     0.741832  5.47681e-05
