ParName   Value   Gradient
T_pars_est[3]      13.8925   0.00857884
T_pars_est[11]      9.55878   0.00248836
T_pars_est[12]      9.57271   -0.0023663
T_pars_est[13]      9.62015  -8.9828e-05
T_pars_est[14]      9.74758 -1.61887e-05
T_pars_est[15]      10.2473  -0.00358441
T_pars_est[16]      10.8444  -0.00103728
T_pars_est[17]       11.334   0.00306961
T_pars_est[18]      11.5392  -0.00771548
T_pars_est[19]      11.5977    0.0043781
T_pars_est[20]      11.5906   0.00180569
T_pars_est[21]      11.5298  -0.00681926
T_pars_est[22]      11.2776  0.000177035
T_pars_est[23]      10.9802  -0.00477096
T_pars_est[24]      10.7368   0.00113768
T_pars_est[25]      10.8142   0.00115941
T_pars_est[26]      11.8363  0.000419683
T_pars_est[27]      11.2516  0.000861539
T_pars_est[28]      10.2279  0.000619461
T_pars_est[29]      9.14448 -0.000983545
T_pars_est[30]      8.11156  -0.00462286
T_pars_est[31]      7.27701  -0.00168246
T_pars_est[32]      6.86492   0.00173546
T_pars_est[33]       13.836   -0.0021379
T_pars_est[34]      13.7781  -0.00114962
T_pars_est[35]      13.3298  0.000157172
T_pars_est[36]      13.3448  0.000276929
T_pars_est[37]      12.8664   0.00228261
T_pars_est[38]      12.9147   0.00162013
T_pars_est[39]      12.5804  0.000134093
T_pars_est[40]      12.2947 -8.54856e-06
T_pars_est[41]      12.1997   0.00348898
T_pars_est[42]      11.6342   0.00157634
T_pars_est[43]      10.9762 -0.000637755
T_pars_est[44]      10.8591  -0.00249956
T_pars_est[45]      10.9387  -0.00189349
T_pars_est[46]      9.98742   0.00195911
T_pars_est[47]      8.64506   0.00093375
T_pars_est[48]      7.61182   0.00372343
T_pars_est[49]      6.86858  0.000712521
T_pars_est[50]      6.34492  0.000855855
T_pars_est[51]       5.9625   0.00315134
T_pars_est[52]      5.67896   0.00174858
T_pars_est[53]       5.4814  -0.00257063
T_pars_est[54]      5.37872  -0.00248073
T_pars_est[55]      12.1814  -0.00133328
T_pars_est[56]      12.1865   0.00184798
T_pars_est[57]      12.2121 -0.000184441
T_pars_est[58]      12.3336   0.00148342
T_pars_est[59]      13.3489  0.000703029
T_pars_est[60]      13.6349  0.000428187
T_pars_est[61]      13.1625  0.000411565
T_pars_est[62]      12.3235  0.000260099
T_pars_est[63]      11.2432  0.000809385
T_pars_est[64]      10.1029  -0.00316162
T_pars_est[65]      9.31021   -0.0019513
T_pars_est[66]       8.8208 -0.000513931
T_pars_est[67]      8.53068   0.00311915
T_pars_est[68]       8.4416  0.000749606
T_pars_est[69]      8.31458   0.00653465
T_pars_est[70]      8.09504  0.000406644
T_pars_est[71]      7.81394  -0.00363974
T_pars_est[72]      7.52512   0.00336368
T_pars_est[73]      7.24622  -0.00343528
T_pars_est[74]      6.98407  -0.00305775
T_pars_est[75]       6.8074   0.00589254
T_pars_est[76]      6.72752    0.0034003
T_pars_est[77]     -13.8467  0.000723759
T_pars_est[78]     -13.8685 -0.000787535
T_pars_est[79]     -13.9333  -0.00229673
T_pars_est[80]     -13.9757  -0.00221091
T_pars_est[81]     -13.7105  -0.00164978
T_pars_est[82]     -13.4268  -0.00120974
T_pars_est[83]      -14.328   -0.0014631
T_pars_est[84]     -15.3812  -0.00106239
T_pars_est[85]      -16.298     0.001752
T_pars_est[86]     -16.9866   0.00631445
T_pars_est[87]       -17.47   0.00615079
T_pars_est[88]     -17.8128    -0.001985
T_pars_est[89]     -18.0926   -0.0061896
T_pars_est[90]     -18.3257  0.000494042
T_pars_est[91]      -18.527  0.000133096
T_pars_est[92]     -18.7041   0.00048618
T_pars_est[93]      -18.861   0.00281014
log_fbar[1]     0.260072  0.000321576
log_fbar[2]        -4.52  0.000741904
log_fdev[1](1)      -1.5364 -0.000523522
log_fdev[1](2)     -1.80638  -9.8625e-05
log_fdev[1](3)     -1.17696  -0.00139358
log_fdev[1](4)    -0.831257  -0.00231625
log_fdev[1](5)    -0.716507  -0.00302181
log_fdev[1](6)    -0.399064  -0.00124365
log_fdev[1](7)    -0.389693 -0.000332359
log_fdev[1](8)    -0.423703  3.64654e-05
log_fdev[1](9)     0.608654  0.000668358
log_fdev[1](10)     0.205047 -5.53478e-05
log_fdev[1](11)     0.670928 -0.000488433
log_fdev[1](12)      0.86691  -0.00226973
log_fdev[1](13)     0.252776   -0.0014457
log_fdev[1](14)     0.567204  0.000168038
log_fdev[1](15)     0.558485  2.86985e-05
log_fdev[1](16)     0.309846  0.000181111
log_fdev[1](17)      1.16276   0.00192863
log_fdev[1](18)    -0.328578  0.000707131
log_fdev[1](19)    -0.418653  0.000390226
log_fdev[1](20)     0.179213  0.000157775
log_fdev[1](21)     0.309896   0.00185167
log_fdev[1](22)    -0.293163   0.00177593
log_fdev[1](23)    -0.445332  0.000677218
log_fdev[1](24)    -0.743685  0.000316811
log_fdev[1](25)    -0.209443  5.16193e-05
log_fdev[1](26)      0.14998  0.000346892
log_fdev[1](27)     -0.10689  0.000255856
log_fdev[1](28)    -0.624683  0.000141399
log_fdev[1](29)    -0.619767  -0.00013456
log_fdev[1](30)    -0.172328 -9.26929e-05
log_fdev[1](31)     0.229662  8.16888e-05
log_fdev[1](32)     0.600615  -0.00040076
log_fdev[1](33)      1.02309  0.000140406
log_fdev[1](34)      1.00128  0.000570848
log_fdev[1](35)     0.567982   0.00036905
log_fdev[1](36)     0.662727  0.000594749
log_fdev[1](37)      1.07281  -0.00069067
log_fdev[1](38)     0.908879   0.00299419
log_fdev[1](39)      1.25943  0.000586727
log_fdev[1](40)    -0.619495 -9.94102e-05
log_fdev[1](41)    -0.830078  0.000955484
log_fdev[1](42)    -0.476127  0.000243867
log_fdev[2](1)    0.0569647 -0.000323829
log_fdev[2](2)    0.0391667   0.00168653
log_fdev[2](3)    -0.171935   0.00260235
log_fdev[2](4)    -0.380509    0.0052587
log_fdev[2](5)     -9.34736  0.000347616
log_fdev[2](6)     -5.24747   0.00641971
log_fdev[2](7)     -5.71011  0.000262816
log_fdev[2](8)      -1.9086  -0.00238166
log_fdev[2](9)    -0.579597  0.000695156
log_fdev[2](10)      1.99738  -0.00325023
log_fdev[2](11)      1.56089  0.000324455
log_fdev[2](12)      1.47803  -0.00439139
log_fdev[2](13)      1.12243  -0.00350108
log_fdev[2](14)       1.6443  -0.00169387
log_fdev[2](15)      1.41511  -0.00370961
log_fdev[2](16)     0.576865  -0.00164997
log_fdev[2](17)     0.887883   0.00439589
log_fdev[2](18)     0.275243  0.000915105
log_fdev[2](19)     0.483901  -0.00111807
log_fdev[2](20)       0.4993   0.00229581
log_fdev[2](21)     0.126207   0.00197413
log_fdev[2](22)     0.154067    0.0028504
log_fdev[2](23)      0.18879  -0.00169486
log_fdev[2](24)   -0.0316306   0.00090746
log_fdev[2](25)     0.658918  -0.00258647
log_fdev[2](26)     0.447553  -0.00149178
log_fdev[2](27)    -0.173884   0.00385326
log_fdev[2](28)     0.253962  -0.00353783
log_fdev[2](29)    -0.864931  -0.00228784
log_fdev[2](30)    -0.744649  -0.00039599
log_fdev[2](31)      -0.1963  -0.00139534
log_fdev[2](32)     0.187048 -0.000778434
log_fdev[2](33)      1.73908 -0.000798406
log_fdev[2](34)      2.98879   0.00103237
log_fdev[2](35)    -0.622861  0.000267484
log_fdev[2](36)     0.325743  -0.00316924
log_fdev[2](37)      1.62962   0.00504062
log_fdev[2](38)     0.837655  -0.00254774
log_fdev[2](39)      1.22212   0.00108385
log_fdev[2](40)     0.818607 -0.000594082
log_fdev[2](41)    -0.120881   0.00167438
log_fdev[2](42)     0.561391  0.000408205
log_fdev[2](43)     0.477351  -0.00169387
log_fdev[2](44)      1.44635   0.00240896
log_foff[1]     -7.47897 -0.000521304
log_fdov[1](1)      1.62674  0.000186366
log_fdov[1](2)      1.80746 -0.000262904
log_fdov[1](3)      1.43521   0.00165275
log_fdov[1](4)      1.33591   0.00289434
log_fdov[1](5)      2.13097   0.00520375
log_fdov[1](6)      1.54635 -0.000269776
log_fdov[1](7)     0.708283 -0.000567697
log_fdov[1](8)     0.525153  3.52278e-05
log_fdov[1](9)      2.87516  -0.00136044
log_fdov[1](10)      1.38126  0.000113081
log_fdov[1](11)      1.44887  0.000357104
log_fdov[1](12)      0.58243   0.00359486
log_fdov[1](13)      0.96043   0.00152229
log_fdov[1](14)    -0.581257 -0.000523421
log_fdov[1](15)     0.963638 -0.000177468
log_fdov[1](16)      1.19111  0.000395073
log_fdov[1](17)     -2.15209  -0.00197016
log_fdov[1](18)    -0.436126 -1.93472e-05
log_fdov[1](19)     -2.28667  0.000499405
log_fdov[1](20)     0.139807   0.00155159
log_fdov[1](21)     -2.09931  -0.00103719
log_fdov[1](22)     -2.25888  -0.00138265
log_fdov[1](23)     -1.47534  0.000698146
log_fdov[1](24)    -0.852489 -0.000118343
log_fdov[1](25)     -2.71071 -0.000787948
log_fdov[1](26)    -0.293626  -0.00123565
log_fdov[1](27)    0.0442854  -0.00122233
log_fdov[1](28)     0.394153  -0.00063307
log_fdov[1](29)     0.272203 -0.000482792
log_fdov[1](30)      2.50123  0.000266736
log_fdov[1](31)     0.707442  0.000401942
log_fdov[1](32)      1.09204   0.00123851
log_fdov[1](33)      1.70849 -0.000139456
log_fdov[1](34)     0.901328  -0.00147584
log_fdov[1](35)     0.261323 -0.000966362
log_fdov[1](36)     -0.01309  -0.00206941
log_fdov[1](37)     -1.06797    0.0018389
log_fdov[1](38)    -0.354936  -0.00661629
log_fdov[1](39)     -3.50564 -0.000664956
log_fdov[1](40)      -4.3206  0.000943986
log_fdov[1](41)     -5.24105  -0.00112777
log_fdov[1](42)      1.10852     0.001708
rec_dev_est(1982)     0.220998   0.00034161
rec_dev_est(1983)     0.269262 -0.000239401
rec_dev_est(1984)      1.35303   0.00109576
rec_dev_est(1985)      1.78692  0.000261064
rec_dev_est(1986)      1.02432  -0.00113938
rec_dev_est(1987)     0.168239   0.00113567
rec_dev_est(1988)    -0.458474   0.00226854
rec_dev_est(1989)    -0.769076  -0.00316598
rec_dev_est(1990)     0.755584  0.000696477
rec_dev_est(1991)     0.918774  0.000310247
rec_dev_est(1992)    -0.282383  -0.00546778
rec_dev_est(1993)     0.116314   0.00267628
rec_dev_est(1994)    -0.402626  -0.00362426
rec_dev_est(1995)    -0.895556   0.00146582
rec_dev_est(1996)     -1.50013  -0.00419282
rec_dev_est(1997)     -1.37361   0.00186767
rec_dev_est(1998)     -0.56361 -0.000312459
rec_dev_est(1999)    -0.643341  0.000560658
rec_dev_est(2000)      -1.4242  -0.00327165
rec_dev_est(2001)    0.0571205 -4.31953e-05
rec_dev_est(2002)      1.22848   0.00135818
rec_dev_est(2003)    -0.528744  -0.00024081
rec_dev_est(2004)     0.203387   0.00275052
rec_dev_est(2005)     -0.74951  -0.00309671
rec_dev_est(2006)     -1.57128  -0.00116804
rec_dev_est(2007)    0.0365026  0.000512745
rec_dev_est(2008)     0.948516 -0.000849486
rec_dev_est(2009)    -0.639002  0.000910338
rec_dev_est(2010)    -0.618553   0.00209816
rec_dev_est(2011)     -0.49164   0.00107066
rec_dev_est(2012)    -0.980635   0.00160777
rec_dev_est(2013)    -0.798577   0.00306512
rec_dev_est(2014)      1.12293 -0.000121969
rec_dev_est(2015)      1.24746  0.000624657
rec_dev_est(2016)      1.55431  0.000136196
rec_dev_est(2017)     -0.51794 -0.000846684
rec_dev_est(2018)    -0.962417 -0.000851078
rec_dev_est(2019)    -0.976087  -0.00212457
rec_dev_est(2020)    0.0989406  0.000234039
rec_dev_est(2021)     0.488763 -0.000597812
rec_dev_est(2022)      1.47345 -0.000865808
rec_dev_est(2023)    -0.389078   0.00193509
rec_dev_est(2024)    -0.811995   0.00101391
rec_dev_est(2025)    -0.397294  0.000705451
logit_rec_prop_est(1982)      3.05352  -4.6653e-05
logit_rec_prop_est(1983)      1.88437 -0.000281146
logit_rec_prop_est(1984)    0.0196386 -0.000532755
logit_rec_prop_est(1985)    -0.644084  0.000215383
logit_rec_prop_est(1986)     -3.60196   -0.0003101
logit_rec_prop_est(1987)     0.359537  0.000234718
logit_rec_prop_est(1988)    -0.183055 -0.000260611
logit_rec_prop_est(1989)      1.05293 -0.000671746
logit_rec_prop_est(1990)       1.9318 -0.000319506
logit_rec_prop_est(1991)      1.46305 -0.000170628
logit_rec_prop_est(1992)     -2.03148  -0.00210084
logit_rec_prop_est(1993)     -1.54841  0.000363558
logit_rec_prop_est(1994)     -1.39027   2.2134e-06
logit_rec_prop_est(1995)     -1.20769   0.00122225
logit_rec_prop_est(1996)      3.96389  -0.00244393
logit_rec_prop_est(1997)     0.936394  0.000667223
logit_rec_prop_est(1998)    0.0889815  0.000769445
logit_rec_prop_est(1999)    -0.886046   0.00031681
logit_rec_prop_est(2000)     -2.11742 -0.000180615
logit_rec_prop_est(2001)        1.026  0.000592804
logit_rec_prop_est(2002)     -1.66166    0.0029599
logit_rec_prop_est(2003)      4.00082  -0.00305282
logit_rec_prop_est(2004)     0.988707  0.000753231
logit_rec_prop_est(2005)    -0.739946  -0.00124399
logit_rec_prop_est(2006)      2.07714  0.000934426
logit_rec_prop_est(2007)     -0.31688 -0.000550602
logit_rec_prop_est(2008)     -1.01256 -0.000763678
logit_rec_prop_est(2009)     -1.80778  0.000180174
logit_rec_prop_est(2010)    -0.490258    0.0012288
logit_rec_prop_est(2011)     -1.84288  0.000431557
logit_rec_prop_est(2012)      1.46684 -0.000851781
logit_rec_prop_est(2013)     0.102276 -0.000338351
logit_rec_prop_est(2014)     0.933488  6.80634e-05
logit_rec_prop_est(2015)     -1.09706 -0.000247303
logit_rec_prop_est(2016)     -3.69081  -0.00120744
logit_rec_prop_est(2017)     -3.05341  -5.9649e-05
logit_rec_prop_est(2018)     -2.21096 -0.000474629
logit_rec_prop_est(2019)     -2.58005 -0.000158011
logit_rec_prop_est(2020)     0.635288 -0.000707388
logit_rec_prop_est(2021)     0.645238 -0.000600071
logit_rec_prop_est(2022)    -0.264422 -0.000159035
logit_rec_prop_est(2023)      4.27589   0.00580768
logit_rec_prop_est(2024)      2.73485   0.00125085
logit_rec_prop_est(2025)     0.738444  9.19991e-05
