ParName   Value   Gradient
T_pars_est[3]      14.3448  0.000650771
T_pars_est[11]      9.91258  4.75084e-06
T_pars_est[12]      9.91862  1.75453e-05
T_pars_est[13]      9.94745 -1.16711e-05
T_pars_est[14]      10.0587 -4.89187e-06
T_pars_est[15]      10.5709 -1.50379e-05
T_pars_est[16]      11.1868  6.84521e-06
T_pars_est[17]      11.6473    8.242e-06
T_pars_est[18]      11.8096   -2.105e-05
T_pars_est[19]      11.8386 -1.85228e-05
T_pars_est[20]      11.8076 -1.93231e-05
T_pars_est[21]      11.7188  1.01863e-05
T_pars_est[22]      11.4011  1.70226e-05
T_pars_est[23]      10.9956  1.22048e-05
T_pars_est[24]      10.6246  2.31623e-05
T_pars_est[25]      10.6504  1.01307e-05
T_pars_est[26]      11.5399  0.000134388
T_pars_est[27]      11.0823  0.000142132
T_pars_est[28]       10.292 -3.33276e-05
T_pars_est[29]      9.30055  2.61562e-06
T_pars_est[30]      8.30895  -1.4591e-05
T_pars_est[31]      7.48265 -2.41533e-06
T_pars_est[32]      7.07911 -1.07022e-05
T_pars_est[33]      12.9061  8.18047e-06
T_pars_est[34]      13.4851 -3.04814e-05
T_pars_est[35]       13.462 -1.18455e-05
T_pars_est[36]      13.5284 -1.82755e-05
T_pars_est[37]      12.9828 -6.06361e-06
T_pars_est[38]      13.0379 -1.31704e-05
T_pars_est[39]      12.7326  1.31347e-05
T_pars_est[40]      12.4673   3.9225e-06
T_pars_est[41]      12.3815 -3.07591e-06
T_pars_est[42]      11.8767 -6.18288e-06
T_pars_est[43]       11.292 -3.07897e-05
T_pars_est[44]      11.2365  2.70246e-05
T_pars_est[45]      11.3222 -2.52134e-05
T_pars_est[46]      10.3399 -2.04648e-05
T_pars_est[47]      8.99867  2.40768e-05
T_pars_est[48]      7.98685 -2.43025e-05
T_pars_est[49]      7.22673  -1.8046e-06
T_pars_est[50]      6.67577 -2.25218e-05
T_pars_est[51]      6.27284 -2.00286e-06
T_pars_est[52]      5.97447  1.05227e-05
T_pars_est[53]      5.76697 -1.56882e-06
T_pars_est[54]      5.65931 -2.80974e-06
T_pars_est[55]      12.2387 -3.39872e-06
T_pars_est[56]      12.2565 -8.37755e-06
T_pars_est[57]      12.3011 -6.88117e-06
T_pars_est[58]      12.4032  2.19767e-05
T_pars_est[59]       13.542 -1.67191e-05
T_pars_est[60]      13.6081  2.12523e-05
T_pars_est[61]      13.0008 -7.50781e-06
T_pars_est[62]      12.1543 -4.27943e-05
T_pars_est[63]      11.0217  3.69561e-06
T_pars_est[64]      9.96165  1.41231e-05
T_pars_est[65]      9.22811  9.29183e-07
T_pars_est[66]      8.80057 -1.96956e-05
T_pars_est[67]      8.59594 -2.83432e-05
T_pars_est[68]      8.54863 -2.33178e-05
T_pars_est[69]      8.44743 -8.52442e-05
T_pars_est[70]      8.23634 -1.78848e-05
T_pars_est[71]      7.96097  -3.4893e-05
T_pars_est[72]      7.68794 -9.95354e-06
T_pars_est[73]      7.43328 -1.10651e-05
T_pars_est[74]      7.19374  2.79508e-06
T_pars_est[75]      7.02951  -7.5775e-06
T_pars_est[76]      6.93384  -2.0252e-06
T_pars_est[77]     -13.8088 -3.21666e-06
T_pars_est[78]     -13.8563 -3.26011e-06
T_pars_est[79]     -13.9454 -1.62619e-05
T_pars_est[80]      -14.093  2.65021e-05
T_pars_est[81]     -13.6299 -7.73006e-06
T_pars_est[82]     -13.4611  1.48543e-05
T_pars_est[83]     -14.5922 -1.26888e-05
T_pars_est[84]      -15.615  4.95267e-06
T_pars_est[85]     -16.4231 -4.96708e-06
T_pars_est[86]     -17.0508 -1.03848e-05
T_pars_est[87]     -17.5038   -6.649e-06
T_pars_est[88]     -17.8449  7.05411e-06
T_pars_est[89]     -18.1148  1.63272e-06
T_pars_est[90]     -18.3411  1.33609e-06
T_pars_est[91]     -18.5373  6.46031e-06
T_pars_est[92]     -18.7103 -5.00937e-06
T_pars_est[93]     -18.8639  3.25447e-06
G_pars_est[1]      1.03542  0.000363879
G_pars_est[2]    -0.239439 -0.000745049
G_pars_est[4]     -4.79953  8.48434e-05
G_pars_est[5]    -0.425957 -0.000495847
M_pars_est[1]     0.288205 -0.000162417
M_pars_est[2]      1.54765  -4.2873e-05
M_pars_est[3]      0.73149  4.17596e-05
M_pars_est[5]   -0.0241667 -0.000129392
M_pars_est[7]      2.33538   6.5613e-05
M_pars_est[9]     0.266316  2.96871e-05
M_pars_est[10]    -0.661731  1.13888e-05
M_pars_est[11]     0.971829 -0.000111543
M_pars_est[13]            1  1.94672e-06
M_pars_est[14]      1.69962 -3.30911e-05
M_pars_est[15]      2.00242 -6.38864e-06
S_pars_est[1]      4.65877 -0.000229947
S_pars_est[2]      1.65305 -2.38126e-05
S_pars_est[3]      4.77843 -9.81862e-05
S_pars_est[4]      2.36626  4.00908e-05
S_pars_est[5]     -3.41036   1.4247e-05
S_pars_est[6]     -2.76519  -5.2796e-07
S_pars_est[7]     -2.42175  3.65248e-06
S_pars_est[8]     -1.58231 -1.58318e-05
S_pars_est[9]      -1.6359  1.35499e-06
S_pars_est[10]     -1.43284 -6.70591e-06
S_pars_est[11]     -1.14348 -6.51045e-06
S_pars_est[12]     -1.10165   1.2813e-06
S_pars_est[13]     -1.17873  4.92848e-06
S_pars_est[14]     -1.11002  8.79345e-06
S_pars_est[15]     -1.01284  7.89895e-06
S_pars_est[16]    -0.944067  1.32589e-05
S_pars_est[17]    -0.902592  1.12708e-05
S_pars_est[18]    -0.799362  8.14647e-07
S_pars_est[19]    -0.787895 -4.31281e-06
S_pars_est[20]    -0.964516 -6.96874e-07
S_pars_est[21]    -0.863841 -2.41472e-06
S_pars_est[22]    -0.670277   5.8748e-07
S_pars_est[23]    -0.479939  1.07071e-06
S_pars_est[24]    -0.312144 -3.92857e-06
S_pars_est[25]     -0.21033  1.21395e-05
S_pars_est[26]    -0.258069  1.20055e-05
S_pars_est[27]     -4.32784 -2.22657e-05
S_pars_est[28]      -3.3894 -1.11041e-05
S_pars_est[29]     -2.68732  1.52913e-05
S_pars_est[30]     -1.84943  3.82525e-06
S_pars_est[31]     -1.71898  7.56965e-06
S_pars_est[32]      -1.5098  3.06928e-05
S_pars_est[33]      -1.2818 -6.34214e-07
S_pars_est[34]     -1.16009 -1.78848e-05
S_pars_est[35]     -1.21006 -2.36498e-06
S_pars_est[36]     -1.19416 -1.62833e-05
S_pars_est[37]     -1.14062  -1.0475e-05
S_pars_est[38]     -1.06106 -1.94246e-06
S_pars_est[39]    -0.993911 -2.51526e-06
S_pars_est[40]    -0.852213  2.44966e-05
S_pars_est[41]    -0.674613 -8.19055e-06
S_pars_est[42]    -0.401864 -8.60676e-06
S_pars_est[43]    -0.280308  1.01818e-05
S_pars_est[44]    -0.195048  1.26417e-05
S_pars_est[45]    -0.154986  3.21665e-06
S_pars_est[46]    -0.114285  1.07247e-05
S_pars_est[47]   -0.0776193 -5.93245e-06
S_pars_est[48]   -0.0815372  1.39928e-05
S_pars_est[49]      4.21505  0.000855494
S_pars_est[50]     0.992574 -7.37774e-05
S_pars_est[51]     -5.25638 -4.17767e-05
S_pars_est[52]     -5.39396  1.76971e-05
S_pars_est[53]     -4.31187  3.45055e-05
S_pars_est[54]     -1.76027  8.66168e-06
S_pars_est[55]      -1.1698   9.3006e-06
S_pars_est[56]     -0.55708  2.49174e-05
S_pars_est[57]    -0.550366  1.65481e-06
S_pars_est[58]    -0.754339  8.55515e-06
S_pars_est[59]     -0.83061  1.00901e-05
S_pars_est[60]    -0.919983 -3.14488e-07
S_pars_est[61]    -0.908065 -2.82513e-07
S_pars_est[62]    -0.870685  -9.9194e-07
S_pars_est[63]    -0.837894  8.15065e-06
S_pars_est[64]    -0.790959 -1.73524e-05
S_pars_est[65]    -0.721348  5.75602e-06
S_pars_est[66]    -0.630902 -2.26878e-07
S_pars_est[67]    -0.529179  6.60393e-06
S_pars_est[68]    -0.423307 -8.04472e-06
S_pars_est[69]    -0.313834 -7.44427e-06
S_pars_est[70]     -0.19935 -3.21024e-05
S_pars_est[71]   -0.0828427  3.28646e-05
S_pars_est[73]     -4.10065 -9.86076e-06
S_pars_est[74]     -3.27066  6.34712e-05
S_pars_est[75]     -2.59478 -3.41089e-05
S_pars_est[76]    -0.997655 -9.74863e-06
S_pars_est[77]    -0.490663  -3.0744e-05
S_pars_est[78]    -0.232179  1.50365e-05
S_pars_est[79]    -0.332395 -7.88534e-07
S_pars_est[80]    -0.899226  -1.3603e-08
S_pars_est[81]     -1.05409 -2.14186e-08
S_pars_est[82]     -1.26477  5.51685e-06
S_pars_est[83]     -1.23541  2.44789e-05
S_pars_est[84]    -0.946161 -2.55758e-06
S_pars_est[85]    -0.826961 -1.32499e-05
S_pars_est[86]    -0.777848 -8.90854e-06
S_pars_est[87]    -0.710697  7.46065e-06
S_pars_est[88]    -0.623383  1.02555e-06
S_pars_est[89]    -0.524207 -2.23472e-06
S_pars_est[90]    -0.419945 -9.83564e-06
S_pars_est[91]    -0.311321  1.15838e-05
S_pars_est[92]    -0.197216  -2.4968e-06
S_pars_est[93]   -0.0805184  1.04951e-05
S_pars_est[95]      4.59355  -2.7831e-05
S_pars_est[96]    0.0672764  6.09854e-06
log_fbar[1]    -0.155447 -0.000396573
log_fbar[2]     -5.05878  0.000188416
log_fdev[1](1)     -1.33261   3.4861e-06
log_fdev[1](2)     -1.75654 -5.13983e-05
log_fdev[1](3)     -1.13749 -3.74841e-05
log_fdev[1](4)    -0.779737 -1.57259e-05
log_fdev[1](5)    -0.653502  2.73471e-05
log_fdev[1](6)    -0.307416 -1.99783e-05
log_fdev[1](7)    -0.272601 -8.84248e-05
log_fdev[1](8)    -0.262575 -0.000103622
log_fdev[1](9)     0.709523 -0.000126141
log_fdev[1](10)     0.299796  8.99401e-06
log_fdev[1](11)     0.610181  1.17648e-05
log_fdev[1](12)     0.716305  2.01823e-05
log_fdev[1](13)     0.418374 -4.84186e-05
log_fdev[1](14)     0.550705  -7.0199e-05
log_fdev[1](15)     0.546284 -5.63083e-05
log_fdev[1](16)     0.440412  5.35466e-05
log_fdev[1](17)      1.10489 -1.81338e-05
log_fdev[1](18)    -0.314639 -9.87276e-05
log_fdev[1](19)    -0.408556  -3.3044e-05
log_fdev[1](20)     0.225642 -6.95711e-05
log_fdev[1](21)     0.301003 -0.000100341
log_fdev[1](22)    -0.352757 -0.000174091
log_fdev[1](23)    -0.594601 -1.90001e-05
log_fdev[1](24)     -0.78488   0.00023146
log_fdev[1](25)    -0.227866  0.000185464
log_fdev[1](26)     0.159123  4.71047e-05
log_fdev[1](27)    -0.150292 -2.24594e-05
log_fdev[1](28)    -0.519793 -8.92491e-05
log_fdev[1](29)    -0.627305 -7.14485e-05
log_fdev[1](30)    -0.057331 -3.17573e-05
log_fdev[1](31)     0.393259 -7.44733e-05
log_fdev[1](32)     0.731076 -5.10625e-05
log_fdev[1](33)      1.07098 -7.83843e-05
log_fdev[1](34)      1.10014 -1.31359e-05
log_fdev[1](35)     0.613539  6.83593e-05
log_fdev[1](36)     0.328087 -0.000157602
log_fdev[1](37)      1.11877   0.00022287
log_fdev[1](38)     0.235326  0.000109057
log_fdev[1](39)      1.00225  4.28923e-06
log_fdev[1](40)    -0.843023  0.000189563
log_fdev[1](41)     -1.29215 -3.87401e-05
log_fdev[2](1)     0.247138  1.34215e-05
log_fdev[2](2)      0.10471  1.19209e-05
log_fdev[2](3)    -0.109009  1.86196e-05
log_fdev[2](4)    -0.297228  1.10309e-05
log_fdev[2](5)     -9.25588 -2.65791e-06
log_fdev[2](6)      -5.1289  2.24328e-05
log_fdev[2](7)     -5.56129 -1.12394e-06
log_fdev[2](8)       -1.723  4.27418e-06
log_fdev[2](9)    -0.469209  1.25992e-05
log_fdev[2](10)      2.06959  1.13205e-05
log_fdev[2](11)      1.56893  1.64839e-05
log_fdev[2](12)      1.42184  5.74504e-05
log_fdev[2](13)      1.31391  4.50352e-06
log_fdev[2](14)      1.67316   2.2522e-05
log_fdev[2](15)      1.44866 -2.14192e-05
log_fdev[2](16)     0.669877  1.77693e-05
log_fdev[2](17)     0.859672  2.98067e-06
log_fdev[2](18)     0.358201  4.58221e-05
log_fdev[2](19)     0.548204 -2.35706e-06
log_fdev[2](20)      0.58202  3.26723e-05
log_fdev[2](21)     0.153031  9.95993e-06
log_fdev[2](22)     0.137499  1.79916e-05
log_fdev[2](23)    0.0648699  1.59797e-05
log_fdev[2](24)    0.0255584  2.22003e-05
log_fdev[2](25)     0.747049  2.84386e-05
log_fdev[2](26)     0.502771  8.44947e-06
log_fdev[2](27)    -0.184791  1.72602e-05
log_fdev[2](28)     0.384087 -9.58804e-06
log_fdev[2](29)    -0.851549    -1.45e-05
log_fdev[2](30)    -0.597813  3.70221e-05
log_fdev[2](31)  -0.00786561 -3.52795e-05
log_fdev[2](32)     0.334022 -6.92433e-06
log_fdev[2](33)      1.82932 -6.04959e-06
log_fdev[2](34)      3.11766   3.5674e-05
log_fdev[2](35)    -0.576657  5.95266e-06
log_fdev[2](36)     0.209996  2.08462e-06
log_fdev[2](37)      1.65933  1.71741e-05
log_fdev[2](38)     0.378913 -3.93018e-05
log_fdev[2](39)     0.971822 -5.89185e-05
log_fdev[2](40)     0.653335 -2.23026e-06
log_fdev[2](41)   -0.0468628  3.93351e-05
log_fdev[2](42)     0.546448 -4.97004e-05
log_fdev[2](43)     0.228439  1.91818e-05
log_foff[1]     -6.83583 -0.000536798
log_fdov[1](1)      1.29815 -6.01957e-05
log_fdov[1](2)      1.63328 -1.54582e-05
log_fdov[1](3)      1.27158  1.30023e-05
log_fdov[1](4)      1.14594 -8.20966e-06
log_fdov[1](5)      1.91755   1.3962e-05
log_fdov[1](6)      1.52888  4.92991e-05
log_fdov[1](7)     0.677733 -3.54121e-05
log_fdov[1](8)      0.46342 -7.63385e-05
log_fdov[1](9)      2.85794 -7.34561e-05
log_fdov[1](10)      1.35189   2.1018e-05
log_fdov[1](11)      1.54852  2.16929e-05
log_fdov[1](12)     0.735123 -2.14465e-05
log_fdov[1](13)     0.789653 -3.62177e-05
log_fdov[1](14)    -0.531603 -0.000117248
log_fdov[1](15)      1.08886 -2.79302e-05
log_fdov[1](16)      1.25183 -8.78173e-06
log_fdov[1](17)     -1.85249 -2.19061e-05
log_fdov[1](18)    -0.353221 -5.34917e-05
log_fdov[1](19)     -2.34246 -4.76998e-05
log_fdov[1](20)    0.0037185 -3.85473e-05
log_fdov[1](21)     -2.14857 -4.82145e-05
log_fdov[1](22)     -2.17086 -7.05495e-06
log_fdov[1](23)     -1.19953  1.80901e-05
log_fdov[1](24)    -0.774561 -2.26215e-05
log_fdov[1](25)     -2.65014 -7.64471e-05
log_fdov[1](26)    -0.249337 -3.43743e-05
log_fdov[1](27)     0.177747 -5.52642e-05
log_fdov[1](28)     0.397962 -3.35507e-05
log_fdov[1](29)     0.412879 -1.28973e-05
log_fdov[1](30)       2.3606  1.20429e-05
log_fdov[1](31)     0.503652 -1.60242e-05
log_fdov[1](32)      0.95937 -4.68012e-05
log_fdov[1](33)      1.70758 -1.67026e-05
log_fdov[1](34)     0.820111 -3.14616e-05
log_fdov[1](35)     0.159879 -2.15103e-05
log_fdov[1](36)     0.264325  -4.0885e-05
log_fdov[1](37)     -1.06694  9.75853e-05
log_fdov[1](38)      0.23949  0.000137425
log_fdov[1](39)     -3.40753  0.000131872
log_fdov[1](40)     -4.22264  8.83832e-05
log_fdov[1](41)     -4.59779  2.14719e-05
rec_dev_est(1982)     0.200144 -0.000100332
rec_dev_est(1983)    0.0379267  3.94185e-05
rec_dev_est(1984)       0.9394 -6.45155e-05
rec_dev_est(1985)      1.83945 -0.000144535
rec_dev_est(1986)      1.08908 -6.27613e-05
rec_dev_est(1987)     0.634769 -0.000112144
rec_dev_est(1988)    -0.471397  1.27121e-05
rec_dev_est(1989)    -0.210502 -4.04105e-05
rec_dev_est(1990)     0.225681 -6.76555e-05
rec_dev_est(1991)     0.720361 -0.000152586
rec_dev_est(1992)    -0.352232 -7.04754e-05
rec_dev_est(1993)    -0.054768 -3.95775e-05
rec_dev_est(1994)    -0.716069 -3.63007e-05
rec_dev_est(1995)     -1.15627  2.00769e-05
rec_dev_est(1996)   -0.0567786 -5.38397e-05
rec_dev_est(1997)     -1.21691  0.000120804
rec_dev_est(1998)    -0.581839  0.000158406
rec_dev_est(1999)    -0.664873  0.000400859
rec_dev_est(2000)     -1.72447  6.97615e-05
rec_dev_est(2001)    -0.319882  0.000171759
rec_dev_est(2002)      1.32797 -0.000219643
rec_dev_est(2003)    -0.270439  -6.7902e-05
rec_dev_est(2004)    -0.148201 -0.000108283
rec_dev_est(2005)    -0.881865 -5.35822e-05
rec_dev_est(2006)     -1.52794 -1.40889e-05
rec_dev_est(2007)    -0.385358  5.74585e-05
rec_dev_est(2008)      1.22222  0.000198296
rec_dev_est(2009)      -0.7566  6.28494e-05
rec_dev_est(2010)    -0.647787   0.00022086
rec_dev_est(2011)    -0.895651  4.25026e-05
rec_dev_est(2012)   -0.0817837  7.87043e-05
rec_dev_est(2013)     -0.80279  4.41338e-05
rec_dev_est(2014)      1.34877  1.64452e-05
rec_dev_est(2015)      1.25028  0.000134743
rec_dev_est(2016)      1.34368  4.98727e-05
rec_dev_est(2017)    -0.868875  7.68889e-06
rec_dev_est(2018)    -0.737026 -2.46946e-05
rec_dev_est(2019)     -1.26528 -5.66415e-05
rec_dev_est(2020)   -0.0505183  3.45072e-05
rec_dev_est(2021)     0.231891  1.01558e-06
rec_dev_est(2022)       1.0607  6.10021e-06
rec_dev_est(2023)     0.264519 -1.31732e-05
rec_dev_est(2024)    -0.478622  3.79545e-06
logit_rec_prop_est(1982)      2.37923 -0.000148588
logit_rec_prop_est(1983)      1.25074 -0.000635236
logit_rec_prop_est(1984)    -0.272148 -1.29541e-05
logit_rec_prop_est(1985)    -0.876501   0.00107973
logit_rec_prop_est(1986)     -3.70835  0.000134395
logit_rec_prop_est(1987)    -0.821189 -0.000273237
logit_rec_prop_est(1988)     0.587093  -8.9961e-05
logit_rec_prop_est(1989)    -0.682457 -0.000112234
logit_rec_prop_est(1990)      1.02053 -1.48767e-06
logit_rec_prop_est(1991)      1.07748  3.97801e-05
logit_rec_prop_est(1992)     -1.09102 -0.000350458
logit_rec_prop_est(1993)     -1.02526  0.000209933
logit_rec_prop_est(1994)     -1.74196 -0.000193637
logit_rec_prop_est(1995)    -0.939627 -7.11355e-06
logit_rec_prop_est(1996)     -2.73952 -5.98294e-06
logit_rec_prop_est(1997)      3.40134 -8.54051e-05
logit_rec_prop_est(1998)     -1.16226   0.00111866
logit_rec_prop_est(1999)    -0.154205    0.0011061
logit_rec_prop_est(2000)     -1.41029  0.000209963
logit_rec_prop_est(2001)      1.50524  8.84139e-05
logit_rec_prop_est(2002)     -2.00289 -0.000148288
logit_rec_prop_est(2003)     0.409097 -0.000290979
logit_rec_prop_est(2004)     0.909238 -0.000338447
logit_rec_prop_est(2005)    -0.171613 -0.000242538
logit_rec_prop_est(2006)    -0.205909 -7.11277e-05
logit_rec_prop_est(2007)    -0.370139  0.000302827
logit_rec_prop_est(2008)     -1.86003   0.00146008
logit_rec_prop_est(2009)     -1.39563  0.000277076
logit_rec_prop_est(2010)     -1.03703  0.000742063
logit_rec_prop_est(2011)     -1.82868 -1.48036e-05
logit_rec_prop_est(2012)    -0.386838    9.844e-05
logit_rec_prop_est(2013)    -0.622578 -0.000113104
logit_rec_prop_est(2014)      1.15535  -0.00107978
logit_rec_prop_est(2015)    0.0115691  -0.00108195
logit_rec_prop_est(2016)     -2.31345 -0.000284501
logit_rec_prop_est(2017)      3.41289 -0.000143311
logit_rec_prop_est(2018)      5.83942 -0.000226573
logit_rec_prop_est(2019)     0.539976   0.00018442
logit_rec_prop_est(2020)   -0.0388604  -0.00046111
logit_rec_prop_est(2021)     0.581206 -0.000152719
logit_rec_prop_est(2022)      0.56949 -0.000382386
logit_rec_prop_est(2023)   -0.0837324 -9.59336e-05
logit_rec_prop_est(2024)      4.29228 -0.000137294
