ParName   Value   Gradient
T_pars_est[3]      13.8947 -0.000924801
T_pars_est[11]      9.55878  -0.00394834
T_pars_est[12]      9.57274   0.00376587
T_pars_est[13]       9.6202   0.00527595
T_pars_est[14]      9.74761   -0.0036745
T_pars_est[15]      10.2474  -0.00226394
T_pars_est[16]      10.8444   0.00175412
T_pars_est[17]      11.3341 -0.000317244
T_pars_est[18]      11.5392  -0.00120641
T_pars_est[19]      11.5977  -0.00130068
T_pars_est[20]      11.5906 -8.38693e-05
T_pars_est[21]      11.5298 -0.000917892
T_pars_est[22]      11.2776  0.000922456
T_pars_est[23]      10.9802   0.00203325
T_pars_est[24]      10.7368   0.00400221
T_pars_est[25]      10.8142 -0.000108973
T_pars_est[26]      11.8363  0.000494027
T_pars_est[27]      11.2516   0.00167296
T_pars_est[28]      10.2279   0.00190421
T_pars_est[29]      9.14448 -0.000813689
T_pars_est[30]      8.11157   -0.0021958
T_pars_est[31]      7.27703   0.00319288
T_pars_est[32]      6.86493   0.00210423
T_pars_est[33]      13.8353   0.00112917
T_pars_est[34]      13.7779  -0.00266373
T_pars_est[35]      13.3298  -0.00310462
T_pars_est[36]      13.3448   0.00324779
T_pars_est[37]      12.8664 -0.000322935
T_pars_est[38]      12.9146    -0.002119
T_pars_est[39]      12.5804   0.00384304
T_pars_est[40]      12.2947   0.00451861
T_pars_est[41]      12.1997  -0.00156024
T_pars_est[42]      11.6342   0.00282413
T_pars_est[43]      10.9762  -0.00102382
T_pars_est[44]      10.8591  -0.00148947
T_pars_est[45]      10.9387  -0.00561173
T_pars_est[46]      9.98742   0.00212378
T_pars_est[47]      8.64505 -0.000707623
T_pars_est[48]      7.61179   0.00268413
T_pars_est[49]      6.86853  -0.00996792
T_pars_est[50]       6.3449   0.00139777
T_pars_est[51]       5.9625   0.00626528
T_pars_est[52]      5.67895  -0.00488339
T_pars_est[53]      5.48143   0.00856705
T_pars_est[54]      5.37873  -0.00586529
T_pars_est[55]      12.1813   0.00334674
T_pars_est[56]      12.1863  -0.00139221
T_pars_est[57]      12.2119  -0.00366532
T_pars_est[58]      12.3335  -0.00481618
T_pars_est[59]      13.3487  -0.00148258
T_pars_est[60]      13.6348 -0.000470475
T_pars_est[61]      13.1623  -0.00069725
T_pars_est[62]      12.3234  0.000262033
T_pars_est[63]      11.2431    0.0050767
T_pars_est[64]      10.1029  4.83857e-05
T_pars_est[65]      9.31027   0.00213717
T_pars_est[66]      8.82085  -0.00530358
T_pars_est[67]      8.53072   0.00254546
T_pars_est[68]      8.44148 -0.000100085
T_pars_est[69]      8.31436   0.00268986
T_pars_est[70]      8.09489  -0.00351143
T_pars_est[71]      7.81394  -0.00130458
T_pars_est[72]      7.52527   0.00210519
T_pars_est[73]      7.24648  0.000514633
T_pars_est[74]      6.98441 -0.000938026
T_pars_est[75]       6.8078   0.00131238
T_pars_est[76]      6.72796  -0.00121368
T_pars_est[77]     -13.8466   0.00117819
T_pars_est[78]     -13.8685 -0.000831125
T_pars_est[79]     -13.9333    -0.001225
T_pars_est[80]     -13.9757  0.000141349
T_pars_est[81]     -13.7105  0.000538019
T_pars_est[82]     -13.4268  0.000795998
T_pars_est[83]      -14.328  0.000665489
T_pars_est[84]     -15.3813  0.000616487
T_pars_est[85]     -16.2981  -0.00171915
T_pars_est[86]     -16.9867  -0.00263083
T_pars_est[87]       -17.47   0.00317156
T_pars_est[88]     -17.8128 -0.000363193
T_pars_est[89]     -18.0925  -0.00235868
T_pars_est[90]     -18.3256   0.00332112
T_pars_est[91]      -18.527  -0.00198029
T_pars_est[92]     -18.7041   0.00092637
T_pars_est[93]      -18.861 -0.000175512
log_fbar[1]     0.255748 -0.000383655
log_fbar[2]     -4.51283  0.000153045
log_fdev[1](1)     -1.53208  -0.00197001
log_fdev[1](2)     -1.80205   0.00110239
log_fdev[1](3)     -1.17263 -0.000841475
log_fdev[1](4)    -0.826934  -0.00213644
log_fdev[1](5)    -0.712184  -0.00155996
log_fdev[1](6)     -0.39473 -0.000874239
log_fdev[1](7)    -0.385376 -0.000631307
log_fdev[1](8)    -0.419363  0.000617804
log_fdev[1](9)     0.613027    0.0027106
log_fdev[1](10)     0.209391  0.000588105
log_fdev[1](11)     0.675277 -0.000205973
log_fdev[1](12)     0.871252  -0.00036528
log_fdev[1](13)     0.257205 -0.000272994
log_fdev[1](14)     0.571827 -0.000437662
log_fdev[1](15)     0.563044 -0.000830798
log_fdev[1](16)     0.314293 -8.87358e-05
log_fdev[1](17)       1.1673   0.00102343
log_fdev[1](18)    -0.323967  0.000232607
log_fdev[1](19)    -0.414016  0.000532154
log_fdev[1](20)     0.183738 -0.000644758
log_fdev[1](21)     0.313533 -2.36235e-05
log_fdev[1](22)    -0.292464   0.00025496
log_fdev[1](23)    -0.449448  0.000747982
log_fdev[1](24)    -0.758959  4.88834e-05
log_fdev[1](25)    -0.216035  -0.00126717
log_fdev[1](26)     0.152841 -0.000466211
log_fdev[1](27)    -0.102465 -0.000289805
log_fdev[1](28)    -0.620489   0.00112789
log_fdev[1](29)    -0.615571  7.60428e-06
log_fdev[1](30)    -0.168091 -9.51148e-05
log_fdev[1](31)     0.234073  0.000340112
log_fdev[1](32)     0.604954   0.00103393
log_fdev[1](33)      1.02731   0.00136315
log_fdev[1](34)      1.00526 -0.000208887
log_fdev[1](35)     0.571518 -0.000727364
log_fdev[1](36)     0.662574 -0.000191046
log_fdev[1](37)      1.07474  0.000389309
log_fdev[1](38)      0.91535 -2.71509e-05
log_fdev[1](39)      1.25989   0.00127699
log_fdev[1](40)    -0.634416    0.0011291
log_fdev[1](41)     -0.87259  0.000710265
log_fdev[1](42)    -0.534541 -0.000488418
log_fdev[2](1)      0.04979   0.00557763
log_fdev[2](2)    0.0319709  -0.00307622
log_fdev[2](3)    -0.179124 -0.000225583
log_fdev[2](4)    -0.387693   0.00260149
log_fdev[2](5)     -9.35454  0.000240239
log_fdev[2](6)     -5.25465  0.000533401
log_fdev[2](7)     -5.71728    4.357e-05
log_fdev[2](8)     -1.91574 -0.000674678
log_fdev[2](9)    -0.586688   0.00926048
log_fdev[2](10)      1.99025  -0.00177253
log_fdev[2](11)      1.55376  0.000295608
log_fdev[2](12)      1.47091   -0.0034643
log_fdev[2](13)      1.11537  -0.00373152
log_fdev[2](14)      1.63734  0.000678234
log_fdev[2](15)      1.40814  -0.00571453
log_fdev[2](16)     0.569856 -0.000765313
log_fdev[2](17)     0.880951  -0.00234928
log_fdev[2](18)     0.268326     0.005539
log_fdev[2](19)     0.476972   0.00178598
log_fdev[2](20)      0.49215  -0.00177932
log_fdev[2](21)     0.118052  -0.00139558
log_fdev[2](22)     0.143458   0.00461509
log_fdev[2](23)     0.174069   0.00124711
log_fdev[2](24)   -0.0121764  -0.00192759
log_fdev[2](25)     0.687186  -0.00161781
log_fdev[2](26)     0.450677  -0.00298916
log_fdev[2](27)     -0.18095   0.00274609
log_fdev[2](28)     0.246638  -0.00317077
log_fdev[2](29)    -0.872274   0.00367603
log_fdev[2](30)    -0.751944  -0.00163042
log_fdev[2](31)     -0.20339  -0.00399222
log_fdev[2](32)     0.184332 -0.000147953
log_fdev[2](33)      1.73236  0.000291895
log_fdev[2](34)      2.98289 -0.000652768
log_fdev[2](35)    -0.630731  -0.00177116
log_fdev[2](36)     0.423956  -0.00235667
log_fdev[2](37)      1.64804   0.00519503
log_fdev[2](38)     0.830498  -0.00274243
log_fdev[2](39)      1.21027   0.00547421
log_fdev[2](40)      0.82439  -0.00144862
log_fdev[2](41)    -0.149612 -0.000192438
log_fdev[2](42)     0.530108 -0.000772723
log_fdev[2](43)     0.522985   0.00265922
log_fdev[2](44)      1.54109  -0.00185085
log_foff[1]     -7.47568 -0.000713441
log_fdov[1](1)      1.62346  0.000677586
log_fdov[1](2)      1.80418  -0.00413111
log_fdov[1](3)      1.43193 -0.000583941
log_fdov[1](4)       1.3326   0.00160296
log_fdov[1](5)      2.12751  0.000360855
log_fdov[1](6)      1.54292   0.00308838
log_fdov[1](7)     0.705498   0.00184932
log_fdov[1](8)     0.522739  0.000868251
log_fdov[1](9)       2.8725  -0.00312862
log_fdov[1](10)      1.37816  -0.00103005
log_fdov[1](11)      1.44545    0.0010816
log_fdov[1](12)     0.578739  0.000555488
log_fdov[1](13)     0.956287  0.000959687
log_fdov[1](14)     -0.58591   0.00014147
log_fdov[1](15)     0.958836   -2.414e-05
log_fdov[1](16)      1.18614 -0.000271827
log_fdov[1](17)     -2.15742  -0.00192613
log_fdov[1](18)    -0.441685 -0.000475757
log_fdov[1](19)     -2.29238  0.000533595
log_fdov[1](20)     0.134049   0.00188494
log_fdov[1](21)     -2.10443  0.000907415
log_fdov[1](22)     -2.26135 -0.000924917
log_fdov[1](23)     -1.47328  -0.00054711
log_fdov[1](24)    -0.837873 -0.000951984
log_fdov[1](25)     -2.70422   0.00220082
log_fdov[1](26)    -0.296678 -1.04671e-05
log_fdov[1](27)    0.0396428 -0.000510871
log_fdov[1](28)     0.389649  -0.00129479
log_fdov[1](29)     0.267372   -0.0003176
log_fdov[1](30)      2.49645  0.000155683
log_fdov[1](31)     0.702629 -0.000256095
log_fdov[1](32)      1.08718  -0.00182735
log_fdov[1](33)      1.70353  -0.00279803
log_fdov[1](34)     0.896191  8.72458e-05
log_fdov[1](35)     0.256007  0.000995811
log_fdov[1](36)   -0.0155801  0.000500429
log_fdov[1](37)     -1.07053  0.000544923
log_fdov[1](38)     -0.36165   0.00113346
log_fdov[1](39)     -3.50629 -0.000542402
log_fdov[1](40)     -4.30571  1.63056e-05
log_fdov[1](41)     -5.19389 -0.000728908
log_fdov[1](42)      1.16926   0.00168634
rec_dev_est(1982)     0.219218    0.0012188
rec_dev_est(1983)     0.267114 -0.000666017
rec_dev_est(1984)      1.35075  -0.00296014
rec_dev_est(1985)      1.78395   0.00206059
rec_dev_est(1986)      1.02051 -0.000687838
rec_dev_est(1987)     0.170481 -0.000131193
rec_dev_est(1988)    -0.459343   0.00104083
rec_dev_est(1989)    -0.769718  0.000248408
rec_dev_est(1990)      0.75378  0.000897171
rec_dev_est(1991)     0.917223  -0.00067778
rec_dev_est(1992)    -0.283527   0.00498715
rec_dev_est(1993)     0.115764  0.000910864
rec_dev_est(1994)    -0.401957  -0.00109938
rec_dev_est(1995)    -0.895602  -0.00180998
rec_dev_est(1996)      -1.4996   0.00251346
rec_dev_est(1997)     -1.37463  -0.00474286
rec_dev_est(1998)    -0.557329   0.00102972
rec_dev_est(1999)    -0.642669   0.00209693
rec_dev_est(2000)     -1.42445  8.70366e-05
rec_dev_est(2001)     0.051894  0.000137171
rec_dev_est(2002)      1.22695   0.00100881
rec_dev_est(2003)    -0.530022  -0.00310181
rec_dev_est(2004)      0.20204   0.00186128
rec_dev_est(2005)    -0.752075  -0.00163448
rec_dev_est(2006)     -1.57037 -0.000812443
rec_dev_est(2007)     0.035752 -0.000819471
rec_dev_est(2008)     0.947086  0.000670982
rec_dev_est(2009)    -0.640522   0.00200279
rec_dev_est(2010)    -0.617512 -0.000256192
rec_dev_est(2011)    -0.491262   0.00128747
rec_dev_est(2012)    -0.978086   -0.0002302
rec_dev_est(2013)    -0.799213  -0.00170307
rec_dev_est(2014)      1.12049  3.07717e-05
rec_dev_est(2015)      1.25427 -0.000433638
rec_dev_est(2016)      1.55335  -0.00113597
rec_dev_est(2017)    -0.519337  0.000836565
rec_dev_est(2018)    -0.963032  -0.00232179
rec_dev_est(2019)    -0.974087  -0.00156402
rec_dev_est(2020)     0.110661  0.000969412
rec_dev_est(2021)     0.479221 -0.000109206
rec_dev_est(2022)      1.47864 -7.70304e-05
rec_dev_est(2023)    -0.383313 -0.000812646
rec_dev_est(2024)    -0.807148    0.0012434
rec_dev_est(2025)    -0.396707  0.000721577
