ParName   Value   Gradient
T_pars_est[3]      13.5425  -0.00512684
T_pars_est[11]      8.39766  0.000264545
T_pars_est[12]      8.40584 -0.000228209
T_pars_est[13]      8.44873  0.000138377
T_pars_est[14]      8.71807 -0.000178523
T_pars_est[15]      9.27501  2.85015e-05
T_pars_est[16]      10.0267 -0.000241124
T_pars_est[17]      10.7972 -0.000173666
T_pars_est[18]      11.1981 -8.77985e-05
T_pars_est[19]      11.2798  0.000361595
T_pars_est[20]      11.3633  0.000386117
T_pars_est[21]      11.3881  5.86425e-05
T_pars_est[22]      11.1572 -0.000124908
T_pars_est[23]      10.8239  0.000194272
T_pars_est[24]      10.5617 -5.05712e-05
T_pars_est[25]      10.7329   0.00145986
T_pars_est[26]      11.5564    0.0072216
T_pars_est[27]      11.0955   0.00267443
T_pars_est[28]      10.1515   0.00511569
T_pars_est[29]      9.16844  0.000889904
T_pars_est[30]      8.19908  -0.00210639
T_pars_est[31]      7.37268 -0.000479775
T_pars_est[32]       6.9308  -0.00023032
T_pars_est[33]      15.0489 -0.000507357
T_pars_est[34]      13.6907  -0.00138356
T_pars_est[35]      13.1344 -0.000410291
T_pars_est[36]      13.2847  0.000770294
T_pars_est[37]      12.8969 -0.000636165
T_pars_est[38]      13.0016  0.000520444
T_pars_est[39]      12.7438 -0.000146838
T_pars_est[40]      12.4789 -0.000289324
T_pars_est[41]      12.3581   0.00185324
T_pars_est[42]      11.7274  0.000709693
T_pars_est[43]      10.9887  0.000365225
T_pars_est[44]      10.7616    0.0012156
T_pars_est[45]      10.8791   0.00669151
T_pars_est[46]      10.2248  -0.00781111
T_pars_est[47]      8.94845  0.000947489
T_pars_est[48]       7.8563 -0.000874834
T_pars_est[49]      7.04027  0.000261186
T_pars_est[50]      6.46766  -0.00167852
T_pars_est[51]      6.05341 -0.000924869
T_pars_est[52]      5.75212 -0.000482992
T_pars_est[53]       5.5477  -0.00165397
T_pars_est[54]      5.44388   -0.0014773
T_pars_est[55]      9.67765  3.59615e-05
T_pars_est[56]      9.72195 -0.000191784
T_pars_est[57]      9.97761 -7.10486e-05
T_pars_est[58]      10.9758  0.000219291
T_pars_est[59]      12.7692 -0.000904718
T_pars_est[60]      13.8848   0.00032097
T_pars_est[61]       13.459  0.000150239
T_pars_est[62]      12.4381   0.00027073
T_pars_est[63]       11.359   0.00111267
T_pars_est[64]      10.1295  8.58038e-05
T_pars_est[65]       9.2952   0.00045037
T_pars_est[66]      8.77433  0.000814431
T_pars_est[67]      8.49951  -0.00013677
T_pars_est[68]      8.39445  0.000327434
T_pars_est[69]      8.25923 -0.000660478
T_pars_est[70]      8.08724   0.00182469
T_pars_est[71]      7.90362  -0.00108746
T_pars_est[72]      7.73241   0.00135866
T_pars_est[73]      7.57148   0.00114684
T_pars_est[74]      7.43566    0.0032965
T_pars_est[75]      7.34285   0.00217641
T_pars_est[76]      7.29772   0.00729014
T_pars_est[77]     -15.5134  6.96473e-05
T_pars_est[78]     -15.5617   -0.0016736
T_pars_est[79]     -15.8248  0.000585272
T_pars_est[80]     -15.2531 -0.000750169
T_pars_est[81]     -14.3039   0.00186829
T_pars_est[82]     -13.3346 -0.000315836
T_pars_est[83]      -14.155  5.85927e-05
T_pars_est[84]     -15.2936   0.00016924
T_pars_est[85]     -16.2484 -5.72499e-05
T_pars_est[86]     -16.9734  2.90757e-05
T_pars_est[87]     -17.4685  1.58368e-05
T_pars_est[88]     -17.8129  0.000569846
T_pars_est[89]     -18.0932  -0.00075454
T_pars_est[90]     -18.3267  0.000325964
T_pars_est[91]     -18.5282  0.000100749
T_pars_est[92]     -18.7052 -0.000346676
T_pars_est[93]     -18.8617 -0.000220711
log_fbar[1]     0.013199 -0.000296185
log_fbar[2]     -5.55359  0.000586712
log_fdev[1](1)     -1.43164  1.79737e-05
log_fdev[1](2)     -1.72962   0.00468281
log_fdev[1](3)     -1.13525  -0.00125369
log_fdev[1](4)    -0.805036   0.00148201
log_fdev[1](5)    -0.682581   0.00231275
log_fdev[1](6)    -0.423368 -5.94374e-05
log_fdev[1](7)    -0.277869 -0.000155692
log_fdev[1](8)    -0.158462  0.000507934
log_fdev[1](9)     0.688041 -0.000132091
log_fdev[1](10)     0.231454  0.000903065
log_fdev[1](11)       0.6595 -0.000194579
log_fdev[1](12)     0.849931   0.00161908
log_fdev[1](13)     0.378957  0.000396924
log_fdev[1](14)     0.611012 -0.000522779
log_fdev[1](15)     0.502463 -0.000739529
log_fdev[1](16)     0.367068  3.48194e-05
log_fdev[1](17)       1.1646   0.00111648
log_fdev[1](18)    -0.268707  -0.00140834
log_fdev[1](19)    -0.327616 -6.44542e-05
log_fdev[1](20)      0.22492  0.000426124
log_fdev[1](21)     0.147685  -0.00115678
log_fdev[1](22)    -0.568893   -0.0014608
log_fdev[1](23)     -0.66335 -0.000651064
log_fdev[1](24)    -0.860686 -0.000567613
log_fdev[1](25)    -0.366316 -0.000317388
log_fdev[1](26)    -0.113721  0.000183232
log_fdev[1](27)    -0.478615  -0.00226194
log_fdev[1](28)    -0.886567 -0.000546799
log_fdev[1](29)    -0.773846 -0.000915897
log_fdev[1](30)     -0.21868  -0.00200983
log_fdev[1](31)     0.221771  0.000301441
log_fdev[1](32)     0.597769  -0.00113596
log_fdev[1](33)      1.05865   0.00077592
log_fdev[1](34)      1.06405 -0.000403993
log_fdev[1](35)     0.663235 -0.000526713
log_fdev[1](36)     0.756204 -0.000212382
log_fdev[1](37)      1.41035 -0.000304956
log_fdev[1](38)      1.56439 -0.000558744
log_fdev[1](39)      1.25717 -0.000800057
log_fdev[1](40)    -0.771275   -0.0013297
log_fdev[1](41)     -1.47713 -1.93128e-05
log_fdev[2](1)     0.268538  0.000113317
log_fdev[2](2)     0.252693  0.000134332
log_fdev[2](3)    0.0860452  9.10037e-05
log_fdev[2](4)    -0.111988  0.000115115
log_fdev[2](5)        -9.11 -0.000284534
log_fdev[2](6)     -5.09532  3.49838e-05
log_fdev[2](7)     -5.46844  0.000377507
log_fdev[2](8)     -1.59182 -6.70805e-05
log_fdev[2](9)    -0.436399  0.000234017
log_fdev[2](10)      2.15848 -1.28408e-05
log_fdev[2](11)      1.70225  0.000160599
log_fdev[2](12)      1.47543  9.67426e-05
log_fdev[2](13)      1.09257  0.000365386
log_fdev[2](14)      1.47914  2.98089e-05
log_fdev[2](15)      1.33855  8.96947e-05
log_fdev[2](16)     0.722283 -0.000131705
log_fdev[2](17)     0.974185  0.000452241
log_fdev[2](18)     0.385012  0.000362029
log_fdev[2](19)     0.592943  2.00409e-05
log_fdev[2](20)     0.462778  1.55162e-05
log_fdev[2](21)   -0.0879119  0.000381154
log_fdev[2](22)   -0.0310081  0.000387004
log_fdev[2](23)     0.120807  0.000122024
log_fdev[2](24)    0.0692439 -9.37241e-05
log_fdev[2](25)     0.631656  0.000100965
log_fdev[2](26)     0.259303 -0.000126464
log_fdev[2](27)    -0.412317  0.000140358
log_fdev[2](28)     0.177077  0.000315164
log_fdev[2](29)    -0.803539  0.000200339
log_fdev[2](30)    -0.578357  9.30445e-05
log_fdev[2](31)    -0.119421 -0.000126463
log_fdev[2](32)     0.162789  -0.00012854
log_fdev[2](33)      1.72378 -0.000373961
log_fdev[2](34)      2.96223 -4.55809e-05
log_fdev[2](35)    -0.648489 -5.83135e-05
log_fdev[2](36)     0.450576  0.000104034
log_fdev[2](37)      1.86632  0.000100548
log_fdev[2](38)      1.10481  0.000191184
log_fdev[2](39)      1.05211   0.00024193
log_fdev[2](40)     0.685313  0.000143934
log_fdev[2](41)    -0.204032   0.00042911
log_fdev[2](42)     0.359616  0.000176416
log_fdev[2](43)     0.082507 -0.000154182
log_foff[1]     -6.72768   0.00133717
log_fdov[1](1)      1.35271   0.00249451
log_fdov[1](2)      1.56692   0.00285794
log_fdov[1](3)      1.23254   0.00176555
log_fdov[1](4)      1.07539   0.00150321
log_fdov[1](5)      1.67009  0.000510428
log_fdov[1](6)      1.22427 -0.000152255
log_fdov[1](7)     0.506215 -0.000186267
log_fdov[1](8)      0.43717 -0.000221659
log_fdov[1](9)      3.14536 -9.79263e-07
log_fdov[1](10)      1.68799   0.00020155
log_fdov[1](11)      1.74701  2.89761e-05
log_fdov[1](12)     0.658946  0.000470568
log_fdov[1](13)     0.473775  8.11595e-05
log_fdov[1](14)     -1.16534 -0.000350765
log_fdov[1](15)     0.613687 -0.000161095
log_fdov[1](16)     0.927588  0.000297245
log_fdov[1](17)     -2.21284  0.000405345
log_fdov[1](18)    -0.525498 -6.22251e-05
log_fdov[1](19)      -2.5027  0.000593606
log_fdov[1](20)    -0.121746 -0.000382058
log_fdov[1](21)     -2.11914  -0.00139372
log_fdov[1](22)     -2.06227  -0.00055824
log_fdov[1](23)     -1.33533  -0.00010832
log_fdov[1](24)    -0.530485 -0.000199303
log_fdov[1](25)     -2.29839  0.000233995
log_fdov[1](26)    0.0495074  5.80291e-06
log_fdov[1](27)     0.332295 -0.000798026
log_fdov[1](28)     0.541164 -0.000256711
log_fdov[1](29)     0.362984 -0.000277955
log_fdov[1](30)      2.75475 -0.000151733
log_fdov[1](31)      1.08113 -0.000346995
log_fdov[1](32)      1.52365 -0.000746753
log_fdov[1](33)      2.16521 -0.000125806
log_fdov[1](34)      1.34411 -0.000190613
log_fdov[1](35)     0.600214  0.000134202
log_fdov[1](36)     0.291488 -0.000605892
log_fdov[1](37)    -0.717465 -0.000429136
log_fdov[1](38)    -0.867172 -0.000240496
log_fdov[1](39)     -3.71821 -3.67923e-05
log_fdov[1](40)     -4.40839  8.16981e-06
log_fdov[1](41)     -4.78119  -0.00042632
rec_dev_est(1982)    -0.119529   0.00338489
rec_dev_est(1983)     0.204703   0.00193677
rec_dev_est(1984)      1.97909   0.00574099
rec_dev_est(1985)      2.00555   0.00373688
rec_dev_est(1986)    -0.345784   0.00540286
rec_dev_est(1987)     0.734599 -0.000724297
rec_dev_est(1988)   -0.0344975   0.00170159
rec_dev_est(1989)     -0.59587  -0.00219794
rec_dev_est(1990)      1.74949  3.64804e-06
rec_dev_est(1991)      1.80027 -0.000954953
rec_dev_est(1992)      0.15606  0.000625254
rec_dev_est(1993)    -0.110872  -0.00165405
rec_dev_est(1994)      -1.4161 -0.000479794
rec_dev_est(1995)     -1.11355  0.000115319
rec_dev_est(1996)    -0.368202   0.00212196
rec_dev_est(1997)    0.0205082  -0.00129068
rec_dev_est(1998)   -0.0694505  -0.00460648
rec_dev_est(1999)    -0.624838   -0.0010417
rec_dev_est(2000)     -1.57088  -0.00131217
rec_dev_est(2001)     0.582082  -0.00114524
rec_dev_est(2002)       1.2802  -0.00103649
rec_dev_est(2003)     0.345425  -0.00249567
rec_dev_est(2004)      1.06605 -0.000831701
rec_dev_est(2005)    -0.642848 -0.000808361
rec_dev_est(2006)    -0.909432  0.000542062
rec_dev_est(2007)   0.00936239  -0.00180617
rec_dev_est(2008)     0.794251 -0.000237705
rec_dev_est(2009)    -0.629335  -0.00136758
rec_dev_est(2010)    -0.631416 -0.000605252
rec_dev_est(2011)    -0.891119  0.000762824
rec_dev_est(2012)    -0.534085   -0.0010041
rec_dev_est(2013)    -0.625365  -0.00166326
rec_dev_est(2014)     0.626591  -0.00177105
rec_dev_est(2015)    -0.195541  -0.00112009
rec_dev_est(2016)    -0.876587   5.4995e-05
rec_dev_est(2017)     -2.10646   0.00107043
rec_dev_est(2018)     -2.08587  -0.00159506
rec_dev_est(2019)    -0.483784  0.000588365
rec_dev_est(2020)      0.63919 -0.000260324
rec_dev_est(2021)     0.475869 -0.000567317
rec_dev_est(2022)     0.897407  0.000155672
rec_dev_est(2023)    -0.811026   0.00015547
rec_dev_est(2024)     -1.15207  -0.00014743
