ParName   Value   Gradient
T_pars_est[3]      13.6479  -0.00598941
T_pars_est[11]      8.50892  5.55341e-06
T_pars_est[12]      8.52216  9.95791e-06
T_pars_est[13]      8.58656 -1.33749e-05
T_pars_est[14]      8.82209 -1.70554e-05
T_pars_est[15]        9.323 -1.09666e-06
T_pars_est[16]      10.0316  2.64431e-05
T_pars_est[17]      10.7617  -5.4186e-05
T_pars_est[18]      11.1735  4.33852e-05
T_pars_est[19]      11.2512 -2.23655e-06
T_pars_est[20]      11.3216 -1.72285e-05
T_pars_est[21]      11.3375  -4.4459e-05
T_pars_est[22]        11.11  2.58305e-05
T_pars_est[23]      10.7839  2.21526e-06
T_pars_est[24]      10.5287 -4.42564e-05
T_pars_est[25]      10.7031 -5.42604e-05
T_pars_est[26]      11.5327 -0.000114658
T_pars_est[27]       11.074 -5.90854e-05
T_pars_est[28]      10.1258 -3.92456e-05
T_pars_est[29]       9.1427  3.41513e-05
T_pars_est[30]      8.17706 -1.97879e-05
T_pars_est[31]      7.35511 -8.32075e-06
T_pars_est[32]      6.91779  2.47509e-06
T_pars_est[33]      11.9301  -0.00039333
T_pars_est[34]      12.4623 -0.000426824
T_pars_est[35]      13.1173 -0.000297799
T_pars_est[36]      13.5923 -0.000355699
T_pars_est[37]      12.6952 -0.000153358
T_pars_est[38]      12.8139 -0.000263304
T_pars_est[39]      12.7127 -0.000247781
T_pars_est[40]      12.5111 -0.000196891
T_pars_est[41]      12.3818 -0.000164578
T_pars_est[42]      11.7684 -0.000122658
T_pars_est[43]      11.0113 -5.37389e-05
T_pars_est[44]      10.7773 -3.14981e-05
T_pars_est[45]      10.8887 -2.30375e-05
T_pars_est[46]      10.2212 -9.13996e-06
T_pars_est[47]      8.94351 -2.80929e-05
T_pars_est[48]      7.85428  1.07284e-05
T_pars_est[49]      7.04013 -1.47611e-05
T_pars_est[50]      6.46907 -3.21188e-06
T_pars_est[51]       6.0551  1.05721e-05
T_pars_est[52]      5.75307  -1.4453e-05
T_pars_est[53]      5.54752  1.85254e-05
T_pars_est[54]      5.44293  1.25027e-06
T_pars_est[55]      9.61154  1.09346e-05
T_pars_est[56]      9.66752 -5.02271e-06
T_pars_est[57]      9.96652 -1.45859e-05
T_pars_est[58]      10.9765  4.75804e-05
T_pars_est[59]      12.8181 -1.27422e-05
T_pars_est[60]       13.869  -1.1556e-05
T_pars_est[61]      13.4143 -2.44071e-05
T_pars_est[62]      12.3447  4.43403e-06
T_pars_est[63]      11.2443  2.69831e-05
T_pars_est[64]      9.97878  4.50411e-05
T_pars_est[65]      9.18043   5.1181e-06
T_pars_est[66]       8.6854  5.79673e-06
T_pars_est[67]      8.42847  1.89546e-05
T_pars_est[68]       8.3471  1.81982e-05
T_pars_est[69]       8.2316  2.64531e-05
T_pars_est[70]      8.07101  5.11605e-05
T_pars_est[71]      7.89476  1.06504e-05
T_pars_est[72]         7.73  3.11562e-06
T_pars_est[73]      7.57573  3.74358e-05
T_pars_est[74]      7.44496 -1.47449e-05
T_pars_est[75]       7.3568  3.94929e-05
T_pars_est[76]      7.31507  1.54154e-05
T_pars_est[77]     -15.5134  1.04446e-05
T_pars_est[78]     -15.5617 -1.38026e-05
T_pars_est[79]     -15.8248  8.75807e-06
T_pars_est[80]     -15.2531 -3.55408e-05
T_pars_est[81]     -14.3039 -2.21723e-05
T_pars_est[82]     -13.3346  1.66302e-05
T_pars_est[83]      -14.155 -5.02672e-06
T_pars_est[84]     -15.2936 -2.64414e-06
T_pars_est[85]     -16.2484  1.81626e-05
T_pars_est[86]     -16.9734  2.78766e-05
T_pars_est[87]     -17.4685  2.81698e-06
T_pars_est[88]     -17.8129 -5.30583e-07
T_pars_est[89]     -18.0932 -3.03941e-05
T_pars_est[90]     -18.3267  1.91772e-05
T_pars_est[91]     -18.5282  1.46782e-05
T_pars_est[92]     -18.7052 -3.04303e-05
T_pars_est[93]     -18.8617  6.25404e-06
log_fbar[1]    0.0315528  -0.00166497
log_fbar[2]     -5.54964 -0.000295255
log_fdev[1](1)     -1.42598 -7.96053e-05
log_fdev[1](2)     -1.74111 -8.15144e-05
log_fdev[1](3)     -1.15513  4.95564e-05
log_fdev[1](4)    -0.804468  0.000114349
log_fdev[1](5)    -0.649776  4.55214e-05
log_fdev[1](6)    -0.286141 -0.000321946
log_fdev[1](7)    -0.320111 -0.000457795
log_fdev[1](8)    -0.319652 -8.16749e-05
log_fdev[1](9)     0.656405 -3.96056e-05
log_fdev[1](10)     0.199598  -2.1446e-05
log_fdev[1](11)     0.637151  0.000212021
log_fdev[1](12)     0.845374  0.000252166
log_fdev[1](13)     0.300998 -0.000280272
log_fdev[1](14)      0.61464 -8.87392e-05
log_fdev[1](15)     0.518766  3.38965e-05
log_fdev[1](16)     0.304354   7.9813e-05
log_fdev[1](17)      1.09474   1.5825e-05
log_fdev[1](18)    -0.337316 -0.000116026
log_fdev[1](19)    -0.413998 -0.000182633
log_fdev[1](20)      0.20888  0.000213269
log_fdev[1](21)     0.162246  0.000570799
log_fdev[1](22)    -0.541547 -0.000244624
log_fdev[1](23)    -0.677826 -0.000368062
log_fdev[1](24)    -0.878424 -0.000556782
log_fdev[1](25)    -0.383033  -0.00027859
log_fdev[1](26)    -0.120328 -0.000198823
log_fdev[1](27)    -0.423171 -0.000239614
log_fdev[1](28)    -0.828173 -6.54377e-05
log_fdev[1](29)    -0.757827 -4.60333e-05
log_fdev[1](30)    -0.249784 -0.000125754
log_fdev[1](31)     0.199537 -0.000116534
log_fdev[1](32)     0.568991 -6.01571e-06
log_fdev[1](33)      1.03484  0.000104533
log_fdev[1](34)      1.09316  3.63814e-05
log_fdev[1](35)     0.683223  0.000161838
log_fdev[1](36)     0.756076 -5.86782e-05
log_fdev[1](37)      1.41042 -6.77392e-05
log_fdev[1](38)      1.58431 -8.09289e-05
log_fdev[1](39)      1.23657  0.000179713
log_fdev[1](40)    -0.787622  0.000121989
log_fdev[1](41)     -1.00887  -0.00041438
log_fdev[2](1)     0.287154 -1.19521e-05
log_fdev[2](2)     0.257731   1.5924e-05
log_fdev[2](3)    0.0873391 -1.24617e-05
log_fdev[2](4)   -0.0862764  3.45845e-06
log_fdev[2](5)     -9.04767 -1.21245e-05
log_fdev[2](6)     -4.98563 -2.42408e-05
log_fdev[2](7)     -5.50856 -4.92975e-05
log_fdev[2](8)     -1.70074 -1.12484e-05
log_fdev[2](9)    -0.466156 -5.82432e-06
log_fdev[2](10)      2.13913  2.51574e-05
log_fdev[2](11)      1.69122   3.1183e-05
log_fdev[2](12)       1.4718 -3.06613e-05
log_fdev[2](13)      1.08792 -4.30563e-05
log_fdev[2](14)      1.51894  -5.6119e-06
log_fdev[2](15)      1.35396 -4.93007e-05
log_fdev[2](16)     0.681722 -5.02823e-05
log_fdev[2](17)      0.93517  6.58405e-06
log_fdev[2](18)     0.351601   3.0772e-05
log_fdev[2](19)     0.554217  1.56606e-05
log_fdev[2](20)     0.467484  9.94155e-06
log_fdev[2](21)   -0.0620562 -6.34448e-06
log_fdev[2](22)  -0.00546145 -6.12217e-05
log_fdev[2](23)     0.118402 -8.21142e-05
log_fdev[2](24)    0.0495425  -4.4222e-05
log_fdev[2](25)     0.614077 -4.39973e-05
log_fdev[2](26)     0.274654   2.6974e-06
log_fdev[2](27)    -0.347297 -7.01743e-05
log_fdev[2](28)     0.238034  2.15123e-06
log_fdev[2](29)    -0.782594 -4.97169e-06
log_fdev[2](30)    -0.612182  3.94486e-05
log_fdev[2](31)    -0.172055  1.10047e-05
log_fdev[2](32)     0.105872  0.000103092
log_fdev[2](33)      1.67811  4.12064e-05
log_fdev[2](34)      2.92692  3.22798e-05
log_fdev[2](35)    -0.702472  3.28702e-07
log_fdev[2](36)     0.390526  2.10617e-05
log_fdev[2](37)      1.81937  -5.7677e-05
log_fdev[2](38)      1.05613  2.02032e-06
log_fdev[2](39)     0.979072 -2.08058e-06
log_fdev[2](40)      0.63833  6.40512e-05
log_fdev[2](41)    -0.140597 -4.52177e-05
log_fdev[2](42)      0.52857  -3.3111e-05
log_fdev[2](43)     0.316744 -3.66093e-05
log_foff[1]     -6.80854   0.00015772
log_fdov[1](1)      1.45754 -8.74373e-05
log_fdov[1](2)      1.68907 -5.64307e-05
log_fdov[1](3)      1.36544 -1.36115e-05
log_fdov[1](4)      1.26632  4.25565e-05
log_fdov[1](5)      2.10636  0.000124346
log_fdov[1](6)      2.23602  0.000221847
log_fdov[1](7)      1.08265  0.000119302
log_fdov[1](8)     0.605081  4.64263e-06
log_fdov[1](9)       3.1205 -8.96907e-06
log_fdov[1](10)      1.77688  1.51235e-05
log_fdov[1](11)      1.92497   3.2206e-05
log_fdov[1](12)     0.817761  9.09451e-05
log_fdov[1](13)     0.785292  6.57404e-05
log_fdov[1](14)    -0.766432  3.74724e-05
log_fdov[1](15)      1.03483  3.67109e-05
log_fdov[1](16)      1.45352  6.81519e-05
log_fdov[1](17)     -1.71575  4.55224e-05
log_fdov[1](18)    -0.204617  4.88513e-05
log_fdov[1](19)     -2.32445  1.53365e-05
log_fdov[1](20)   -0.0287636  3.37741e-05
log_fdov[1](21)     -2.00664   0.00014248
log_fdov[1](22)     -1.98716  3.46389e-05
log_fdov[1](23)     -1.21613  3.49359e-05
log_fdov[1](24)    -0.566052 -7.82775e-05
log_fdov[1](25)     -2.55072  1.05896e-06
log_fdov[1](26)   -0.0722723  5.03681e-05
log_fdov[1](27)     0.390405  1.87556e-05
log_fdov[1](28)     0.650897 -1.21304e-05
log_fdov[1](29)     0.467319 -7.83076e-07
log_fdov[1](30)      2.61136  1.33959e-05
log_fdov[1](31)     0.598247 -3.08164e-05
log_fdov[1](32)     0.966311 -0.000145243
log_fdov[1](33)      1.61777 -8.21388e-05
log_fdov[1](34)     0.814127 -2.36214e-05
log_fdov[1](35)    0.0752119  2.00002e-05
log_fdov[1](36)    -0.212871 -9.29038e-05
log_fdov[1](37)     -1.05151 -5.09357e-05
log_fdov[1](38)     -1.25053 -7.09187e-05
log_fdov[1](39)     -4.24757   3.6868e-05
log_fdov[1](40)      -5.0403 -7.69647e-05
log_fdov[1](41)      -5.6721 -8.41185e-06
rec_dev_est(1982)     0.961681 -0.000844661
rec_dev_est(1983)     0.267923 -0.000117212
rec_dev_est(1984)     0.701493  1.61686e-05
rec_dev_est(1985)      2.42156 -5.73439e-05
rec_dev_est(1986)    -0.188569  2.71253e-06
rec_dev_est(1987)    0.0315809 -0.000511502
rec_dev_est(1988)    -0.573897 -0.000565357
rec_dev_est(1989)     -1.10381  7.72843e-06
rec_dev_est(1990)      1.59661 -0.000169305
rec_dev_est(1991)      1.39741 -0.000270917
rec_dev_est(1992)    -0.268019 -6.22821e-05
rec_dev_est(1993)    -0.530947 -0.000161114
rec_dev_est(1994)     -1.55191  1.36027e-05
rec_dev_est(1995)    -0.722744  5.36396e-05
rec_dev_est(1996)     0.198436 -0.000127084
rec_dev_est(1997)     -0.20576 -0.000743327
rec_dev_est(1998)    -0.246468 -0.000939598
rec_dev_est(1999)     -1.08724 -0.000504027
rec_dev_est(2000)    -0.652037  2.83067e-05
rec_dev_est(2001)    0.0357634 -0.000790712
rec_dev_est(2002)      1.61832 -0.000168436
rec_dev_est(2003)     0.102969  6.18123e-05
rec_dev_est(2004)     0.370638   0.00017666
rec_dev_est(2005)    -0.738371  0.000295995
rec_dev_est(2006)    -0.757629 -5.98318e-05
rec_dev_est(2007)    -0.212401  0.000653743
rec_dev_est(2008)      1.50636  0.000817501
rec_dev_est(2009)     -0.20138  0.000166311
rec_dev_est(2010)    -0.373814  0.000250645
rec_dev_est(2011)      -1.1716 -2.19365e-05
rec_dev_est(2012)    -0.888346 -4.28262e-05
rec_dev_est(2013)      0.26802  7.63282e-05
rec_dev_est(2014)      0.31481  0.000380653
rec_dev_est(2015)    -0.266445 -0.000146989
rec_dev_est(2016)     0.208684 -0.000219791
rec_dev_est(2017)     -1.45894 -1.85058e-05
rec_dev_est(2018)     -1.18692 -1.66896e-05
rec_dev_est(2019)    -0.687122 -0.000118624
rec_dev_est(2020)     0.504637  4.49641e-05
rec_dev_est(2021)     0.861084 -2.01801e-06
rec_dev_est(2022)     0.837115 -1.89808e-06
rec_dev_est(2023)      -1.0521 -2.64456e-05
rec_dev_est(2024)     -1.66233   1.5666e-05
logit_rec_prop_est(1982)      3.22611  0.000163794
logit_rec_prop_est(1983)      3.79839  0.000525623
logit_rec_prop_est(1984)      4.68127 -0.000547485
logit_rec_prop_est(1985)    -0.552229  -0.00319722
logit_rec_prop_est(1986)     -3.88189  0.000225363
logit_rec_prop_est(1987)      2.57723 -0.000615069
logit_rec_prop_est(1988)      3.71151 -0.000250496
logit_rec_prop_est(1989)      1.73752 -0.000360115
logit_rec_prop_est(1990)    -0.351323  -0.00199477
logit_rec_prop_est(1991)      1.90007  -0.00166302
logit_rec_prop_est(1992)    -0.984544 -0.000398285
logit_rec_prop_est(1993)      1.37303 -0.000921117
logit_rec_prop_est(1994)      1.75685  0.000217875
logit_rec_prop_est(1995)     -3.34629  0.000506519
logit_rec_prop_est(1996)    -0.782716 -0.000466081
logit_rec_prop_est(1997)     -0.21692  -0.00318547
logit_rec_prop_est(1998)     0.503622  -0.00429117
logit_rec_prop_est(1999)      1.14818  -0.00174929
logit_rec_prop_est(2000)     -4.81115 -9.82637e-05
logit_rec_prop_est(2001)      2.82585 -0.000969519
logit_rec_prop_est(2002)     -1.03536  0.000731237
logit_rec_prop_est(2003)     0.274499  0.000620586
logit_rec_prop_est(2004)      2.40155 -0.000570235
logit_rec_prop_est(2005)      2.14113  0.000410018
logit_rec_prop_est(2006)     -3.15807  0.000553939
logit_rec_prop_est(2007)      0.64846   0.00326663
logit_rec_prop_est(2008)     -1.29315   0.00657926
logit_rec_prop_est(2009)     -1.37806   0.00181314
logit_rec_prop_est(2010)     -0.39811    0.0018538
logit_rec_prop_est(2011)     0.209808  0.000451311
logit_rec_prop_est(2012)     0.693084  0.000174038
logit_rec_prop_est(2013)     -1.58531  0.000964299
logit_rec_prop_est(2014)       0.3622   0.00295777
logit_rec_prop_est(2015)     0.453333  4.71823e-06
logit_rec_prop_est(2016)     -2.96074  -0.00103598
logit_rec_prop_est(2017)     -5.07506  0.000203805
logit_rec_prop_est(2018)      -5.0853  0.000419315
logit_rec_prop_est(2019)     -1.33961 -9.00924e-05
logit_rec_prop_est(2020)     0.229624   0.00040644
logit_rec_prop_est(2021)     -1.27747  0.000396903
logit_rec_prop_est(2022)    -0.165606  0.000344813
logit_rec_prop_est(2023)     0.987111  0.000328785
logit_rec_prop_est(2024)      2.03851  4.31903e-05
