ParName   Value   Gradient
T_pars_est[3]      13.8379   0.00208076
T_pars_est[11]      9.87734 -2.44313e-05
T_pars_est[12]      9.88862 -8.39291e-06
T_pars_est[13]      9.93192 -2.51991e-05
T_pars_est[14]       10.047 -1.56948e-05
T_pars_est[15]      10.5059  8.68942e-06
T_pars_est[16]      11.0765 -5.85053e-06
T_pars_est[17]       11.512 -9.92628e-06
T_pars_est[18]      11.6708  1.86839e-05
T_pars_est[19]      11.6875 -1.30169e-05
T_pars_est[20]       11.644  1.57707e-05
T_pars_est[21]      11.5573  9.23739e-07
T_pars_est[22]      11.2882 -7.68097e-07
T_pars_est[23]      10.9712  2.17879e-06
T_pars_est[24]      10.7288   4.7369e-06
T_pars_est[25]      10.9018  1.61575e-05
T_pars_est[26]      11.5608 -0.000307654
T_pars_est[27]      11.1679 -0.000152165
T_pars_est[28]      10.2855 -2.91116e-05
T_pars_est[29]      9.28789 -6.24219e-05
T_pars_est[30]      8.29515 -1.43195e-05
T_pars_est[31]      7.45956  3.43176e-06
T_pars_est[32]      7.03806  2.00257e-05
T_pars_est[33]      12.1628   9.0061e-05
T_pars_est[34]       12.301  1.79123e-05
T_pars_est[35]      13.1373  5.96689e-05
T_pars_est[36]      13.5924  0.000126314
T_pars_est[37]      12.8981  9.75173e-05
T_pars_est[38]      12.9471  7.58552e-05
T_pars_est[39]      12.6674  7.76095e-05
T_pars_est[40]      12.4084  0.000119954
T_pars_est[41]      12.2895  7.35747e-05
T_pars_est[42]      11.8259  6.58812e-05
T_pars_est[43]      11.2236  6.23586e-06
T_pars_est[44]      11.0257 -2.50905e-05
T_pars_est[45]      11.0039 -6.47182e-05
T_pars_est[46]      10.1471 -1.46231e-05
T_pars_est[47]      8.87358 -1.93374e-06
T_pars_est[48]      7.84144 -1.20539e-05
T_pars_est[49]      7.07126 -1.51344e-05
T_pars_est[50]      6.52592  -3.5145e-06
T_pars_est[51]      6.13102  8.48326e-06
T_pars_est[52]      5.84235 -1.67338e-05
T_pars_est[53]      5.64464 -2.28831e-05
T_pars_est[54]      5.54319  1.84334e-05
T_pars_est[55]      11.1161 -6.05188e-06
T_pars_est[56]      11.1793 -3.53428e-06
T_pars_est[57]       11.387 -1.19202e-05
T_pars_est[58]      11.7856  4.62581e-05
T_pars_est[59]      12.8814 -4.86917e-05
T_pars_est[60]      13.4793  2.72512e-06
T_pars_est[61]      13.1865 -3.76638e-05
T_pars_est[62]      12.2954  3.66161e-05
T_pars_est[63]      11.2408 -5.67495e-05
T_pars_est[64]      10.0268 -2.45106e-05
T_pars_est[65]       9.2475 -5.53865e-05
T_pars_est[66]      8.73367 -6.42552e-05
T_pars_est[67]      8.38832 -8.18473e-05
T_pars_est[68]      8.29516 -0.000130039
T_pars_est[69]      8.19991 -0.000106027
T_pars_est[70]      8.06679 -6.85759e-05
T_pars_est[71]      7.92022  -4.5186e-05
T_pars_est[72]      7.77938 -4.89972e-05
T_pars_est[73]      7.65068 -5.79564e-05
T_pars_est[74]      7.53826 -8.12822e-05
T_pars_est[75]      7.46065 -3.89143e-05
T_pars_est[76]      7.42306 -2.91158e-05
T_pars_est[77]     -14.0515  1.49477e-05
T_pars_est[78]     -14.1076 -6.56304e-06
T_pars_est[79]     -14.3545 -2.42834e-05
T_pars_est[80]     -14.3966  9.34338e-06
T_pars_est[81]     -14.1158 -1.29421e-05
T_pars_est[82]     -13.5635 -2.80394e-05
T_pars_est[83]     -14.2874  1.03211e-06
T_pars_est[84]     -15.3343  -1.0657e-05
T_pars_est[85]     -16.2527  3.45259e-05
T_pars_est[86]     -16.9523 -2.65255e-05
T_pars_est[87]     -17.4461  1.74925e-05
T_pars_est[88]     -17.7954  4.73333e-07
T_pars_est[89]       -18.08  2.86342e-05
T_pars_est[90]     -18.3171 -1.05345e-05
T_pars_est[91]     -18.5216  1.80753e-05
T_pars_est[92]     -18.7011  2.21671e-06
T_pars_est[93]     -18.8598  1.19652e-05
G_pars_est[1]     0.981615  0.000385001
G_pars_est[2]    -0.241929 -0.000674134
G_pars_est[4]     -4.59088  1.12648e-05
G_pars_est[5]    -0.418787 -0.000383349
S_pars_est[5]     -3.32104  1.91741e-05
S_pars_est[6]     -2.89501 -1.89822e-05
S_pars_est[7]     -2.48904 -6.81645e-05
S_pars_est[8]     -1.68269  2.37285e-05
S_pars_est[9]     -1.63708  2.30559e-05
S_pars_est[10]     -1.44361  1.54096e-06
S_pars_est[11]     -1.13411 -6.89561e-06
S_pars_est[12]     -1.08434  8.14601e-06
S_pars_est[13]     -1.15809  3.14243e-06
S_pars_est[14]     -1.08154 -1.77407e-05
S_pars_est[15]    -0.982866  6.34045e-06
S_pars_est[16]    -0.922406  2.79595e-05
S_pars_est[17]    -0.886361  1.59209e-06
S_pars_est[18]    -0.792689  1.11024e-05
S_pars_est[19]      -0.7979 -3.66029e-06
S_pars_est[20]    -0.956208 -1.45123e-05
S_pars_est[21]    -0.726822 -1.32459e-05
S_pars_est[22]    -0.634265  5.78432e-06
S_pars_est[23]     -0.45023   3.5134e-06
S_pars_est[24]    -0.290865  2.47546e-06
S_pars_est[25]    -0.185834 -1.19136e-05
S_pars_est[26]    -0.205259 -7.28979e-06
S_pars_est[27]     -3.80635 -1.72253e-05
S_pars_est[28]     -3.10221  4.09085e-05
S_pars_est[29]     -2.40336  8.77108e-05
S_pars_est[30]     -1.66787 -2.69414e-05
S_pars_est[31]     -1.55581 -4.76392e-05
S_pars_est[32]     -1.38672 -5.14064e-06
S_pars_est[33]     -1.16943  6.76409e-06
S_pars_est[34]      -1.1016  3.14213e-06
S_pars_est[35]     -1.15319 -2.84441e-06
S_pars_est[36]     -1.13989  6.21669e-06
S_pars_est[37]     -1.08764  2.73898e-06
S_pars_est[38]     -1.01144  2.04654e-05
S_pars_est[39]    -0.955915  -3.7526e-05
S_pars_est[40]    -0.816876   1.4712e-05
S_pars_est[41]    -0.592376  2.98215e-05
S_pars_est[42]    -0.367355 -2.12986e-05
S_pars_est[43]    -0.259791  3.26905e-06
S_pars_est[44]    -0.191592 -1.27752e-05
S_pars_est[45]      -0.1658 -1.12724e-05
S_pars_est[46]    -0.126285 -1.17289e-05
S_pars_est[47]    -0.080892 -1.09652e-05
S_pars_est[48]   -0.0701716 -1.36743e-05
S_pars_est[51]      -3.5512   4.9633e-06
S_pars_est[52]     -3.24425 -4.41447e-06
S_pars_est[53]     -3.09699  1.34583e-05
S_pars_est[54]     -1.74453 -4.34832e-06
S_pars_est[55]    -0.880024 -1.99797e-05
S_pars_est[56]    -0.460604  1.29972e-05
S_pars_est[57]    -0.625241 -1.01838e-05
S_pars_est[58]    -0.803903  1.62948e-05
S_pars_est[59]    -0.855833 -5.50562e-07
S_pars_est[60]    -0.938127 -4.88065e-06
S_pars_est[61]    -0.912989  7.39597e-06
S_pars_est[62]     -0.87116 -2.46958e-06
S_pars_est[63]    -0.836619 -6.08583e-06
S_pars_est[64]    -0.788823 -4.84304e-07
S_pars_est[65]    -0.719479  1.52416e-06
S_pars_est[66]    -0.630164 -1.07949e-06
S_pars_est[67]    -0.529442  1.39705e-06
S_pars_est[68]    -0.424058  6.29377e-06
S_pars_est[69]     -0.31475  1.89269e-06
S_pars_est[70]    -0.200369  7.08957e-06
S_pars_est[71]   -0.0840729 -2.42874e-06
S_pars_est[73]      -3.7978 -5.80745e-05
S_pars_est[74]     -3.01132  4.21857e-05
S_pars_est[75]     -2.52432 -1.14919e-06
S_pars_est[76]     -1.10826  4.81509e-05
S_pars_est[77]    -0.613956 -5.21983e-06
S_pars_est[78]    -0.288778 -4.58982e-05
S_pars_est[79]     -0.46718  3.32244e-05
S_pars_est[80]     -1.19452  4.24988e-06
S_pars_est[81]     -1.32928  1.87684e-05
S_pars_est[82]     -1.71786   4.2243e-05
S_pars_est[83]     -1.81779  1.87403e-05
S_pars_est[84]      -1.2393 -4.68082e-06
S_pars_est[85]    -0.854815  -1.0136e-05
S_pars_est[86]    -0.779626  1.53993e-06
S_pars_est[87]    -0.710942 -3.65354e-07
S_pars_est[88]    -0.623518  1.44636e-06
S_pars_est[89]    -0.524301  1.06235e-06
S_pars_est[90]     -0.42001  1.17684e-06
S_pars_est[91]    -0.311363 -2.19203e-06
S_pars_est[92]    -0.197243 -4.61847e-07
S_pars_est[93]   -0.0805414 -1.15981e-05
log_fbar[1]    0.0129187  0.000698177
log_fbar[2]     -5.57844 -8.05186e-05
log_fdev[1](1)     -1.51565 -0.000186087
log_fdev[1](2)     -1.83434 -0.000146324
log_fdev[1](3)      -1.2078 -9.27421e-05
log_fdev[1](4)    -0.842588 -0.000102906
log_fdev[1](5)    -0.684121 -8.74801e-05
log_fdev[1](6)    -0.271701  2.52571e-05
log_fdev[1](7)    -0.268235 -1.71777e-05
log_fdev[1](8)    -0.310455  6.77739e-05
log_fdev[1](9)     0.667019   9.4332e-05
log_fdev[1](10)     0.242882  0.000290376
log_fdev[1](11)     0.679809  0.000181676
log_fdev[1](12)     0.888219 -1.00113e-05
log_fdev[1](13)     0.322933 -4.12049e-05
log_fdev[1](14)     0.564773  0.000115999
log_fdev[1](15)     0.519068  0.000116637
log_fdev[1](16)     0.333532  0.000154413
log_fdev[1](17)      1.13614    0.0003723
log_fdev[1](18)    -0.296092   9.0439e-05
log_fdev[1](19)    -0.392229 -0.000168298
log_fdev[1](20)     0.147526 -7.69129e-05
log_fdev[1](21)     0.218527  0.000228735
log_fdev[1](22)    -0.489993   0.00022981
log_fdev[1](23)    -0.601473  0.000125005
log_fdev[1](24)    -0.859505 -8.45101e-05
log_fdev[1](25)    -0.418347 -3.90523e-06
log_fdev[1](26)    -0.103008 -1.57486e-05
log_fdev[1](27)    -0.357556  4.42134e-05
log_fdev[1](28)    -0.772011   0.00012451
log_fdev[1](29)    -0.684511  0.000132223
log_fdev[1](30)    -0.173254 -2.41812e-05
log_fdev[1](31)     0.240808  7.25046e-05
log_fdev[1](32)      0.60155  0.000143837
log_fdev[1](33)      1.08796  4.84908e-05
log_fdev[1](34)       1.1214 -7.20477e-06
log_fdev[1](35)     0.700081  9.21234e-05
log_fdev[1](36)     0.793503  3.71058e-05
log_fdev[1](37)      1.43747   0.00021485
log_fdev[1](38)      1.61397  0.000268213
log_fdev[1](39)      1.21119  0.000227282
log_fdev[1](40)    -0.950619 -0.000270226
log_fdev[1](41)     -1.49486 -0.000187825
log_fdev[2](1)     0.211857 -1.25605e-05
log_fdev[2](2)     0.190284 -6.05905e-06
log_fdev[2](3)    0.0464076 -6.00449e-06
log_fdev[2](4)    -0.112082  9.87619e-06
log_fdev[2](5)     -9.06501  3.23721e-06
log_fdev[2](6)     -4.96089  1.73455e-06
log_fdev[2](7)     -5.47101  8.60819e-06
log_fdev[2](8)     -1.69769 -2.17091e-07
log_fdev[2](9)    -0.466708 -8.95583e-06
log_fdev[2](10)      2.16071 -9.98092e-06
log_fdev[2](11)      1.70369 -8.19328e-06
log_fdev[2](12)      1.49509 -5.77381e-06
log_fdev[2](13)      1.11076   1.7246e-05
log_fdev[2](14)      1.52434  1.46726e-05
log_fdev[2](15)      1.37516  1.94378e-05
log_fdev[2](16)     0.710131  2.25891e-05
log_fdev[2](17)     0.960621 -3.19234e-06
log_fdev[2](18)     0.381406 -4.39446e-05
log_fdev[2](19)     0.568112 -4.60597e-05
log_fdev[2](20)     0.455042  3.68534e-06
log_fdev[2](21)   -0.0234908  2.34415e-05
log_fdev[2](22)    0.0407177 -2.66264e-05
log_fdev[2](23)     0.179278 -3.89188e-05
log_fdev[2](24)     0.075741  -1.4427e-05
log_fdev[2](25)     0.614196 -2.43956e-05
log_fdev[2](26)     0.308834 -9.19654e-06
log_fdev[2](27)    -0.283101   -2.693e-07
log_fdev[2](28)     0.301124 -1.51131e-05
log_fdev[2](29)    -0.705171  3.31972e-05
log_fdev[2](30)    -0.523982 -2.60501e-05
log_fdev[2](31)   -0.0957535 -3.39156e-05
log_fdev[2](32)     0.180935 -1.26562e-05
log_fdev[2](33)      1.75249 -2.01584e-05
log_fdev[2](34)      2.97956 -2.61246e-05
log_fdev[2](35)    -0.653214  -1.9632e-05
log_fdev[2](36)     0.439532 -4.75903e-07
log_fdev[2](37)      1.82673  8.00906e-07
log_fdev[2](38)      1.03725 -1.38219e-05
log_fdev[2](39)     0.919083 -3.29264e-05
log_fdev[2](40)     0.508727 -2.97688e-05
log_fdev[2](41)    -0.338114  -1.4067e-05
log_fdev[2](42)     0.293525  1.15467e-05
log_fdev[2](43)    0.0448891 -3.44585e-05
log_foff[1]     -6.86507  0.000756803
log_fdov[1](1)      1.60956 -3.31187e-06
log_fdov[1](2)      1.84455  -5.0711e-05
log_fdov[1](3)      1.48069 -5.28648e-05
log_fdov[1](4)      1.37881 -7.15657e-05
log_fdov[1](5)      2.23323 -0.000120988
log_fdov[1](6)      2.27212 -0.000108612
log_fdov[1](7)     0.930104 -0.000106279
log_fdov[1](8)     0.407169  5.95033e-05
log_fdov[1](9)      2.79508  0.000115894
log_fdov[1](10)      1.31495  0.000189795
log_fdov[1](11)       1.4077  0.000113944
log_fdov[1](12)     0.533249  6.38462e-05
log_fdov[1](13)     0.889308  1.23716e-05
log_fdov[1](14)     -0.52245  -1.8846e-05
log_fdov[1](15)      1.15223 -6.65425e-06
log_fdov[1](16)      1.39541 -1.84548e-05
log_fdov[1](17)      -1.8361  3.68291e-05
log_fdov[1](18)    -0.251646  0.000114595
log_fdov[1](19)     -2.29915  5.71768e-05
log_fdov[1](20)    0.0951604 -1.61877e-05
log_fdov[1](21)     -2.13444  8.33855e-05
log_fdov[1](22)     -2.18936  5.95978e-05
log_fdov[1](23)      -1.4095  7.00524e-05
log_fdov[1](24)    -0.586864  5.96591e-05
log_fdov[1](25)     -2.43574  4.13574e-06
log_fdov[1](26)   -0.0371335 -6.15219e-06
log_fdov[1](27)     0.295558 -6.24091e-06
log_fdov[1](28)     0.518121  1.83912e-05
log_fdov[1](29)     0.312152  8.55013e-05
log_fdov[1](30)      2.64266  9.10763e-06
log_fdov[1](31)     0.913149  8.99924e-05
log_fdov[1](32)      1.31851  0.000123827
log_fdov[1](33)       1.8867  4.44743e-05
log_fdov[1](34)     0.968364  2.90242e-05
log_fdov[1](35)     0.194392   5.5073e-05
log_fdov[1](36)   -0.0589625  5.96181e-05
log_fdov[1](37)     -1.08445  0.000160373
log_fdov[1](38)       -1.453  0.000139128
log_fdov[1](39)     -4.36657  6.23967e-05
log_fdov[1](40)     -5.00983  4.81954e-05
log_fdov[1](41)     -5.11373 -7.25913e-05
rec_dev_est(1982)     0.731184  0.000175092
rec_dev_est(1983)     0.176807  4.47719e-05
rec_dev_est(1984)     0.758238  0.000140674
rec_dev_est(1985)      2.35365   0.00088886
rec_dev_est(1986)     0.395464  4.06452e-06
rec_dev_est(1987)     0.463455  0.000194945
rec_dev_est(1988)    -0.394729  1.25372e-05
rec_dev_est(1989)    -0.515577  6.97844e-05
rec_dev_est(1990)     0.789715  0.000496554
rec_dev_est(1991)      1.15288 -0.000176887
rec_dev_est(1992)    -0.409612  -2.4298e-05
rec_dev_est(1993)   -0.0760839 -0.000326727
rec_dev_est(1994)    -0.986314 -4.85279e-05
rec_dev_est(1995)     -1.23715 -0.000113268
rec_dev_est(1996)    -0.122317  0.000217235
rec_dev_est(1997)    -0.653007  0.000140556
rec_dev_est(1998)    -0.190221 -9.15883e-05
rec_dev_est(1999)    -0.400132 -0.000176781
rec_dev_est(2000)     -1.39567 -4.38959e-05
rec_dev_est(2001)     0.175404 -0.000213211
rec_dev_est(2002)      1.27181  0.000337406
rec_dev_est(2003)   -0.0706993 -5.96779e-05
rec_dev_est(2004)     0.273424 -0.000100525
rec_dev_est(2005)    -0.517136   3.4762e-05
rec_dev_est(2006)     -1.25074 -9.31189e-05
rec_dev_est(2007)     0.130784 -8.93229e-05
rec_dev_est(2008)     0.706875 -5.90822e-06
rec_dev_est(2009)    -0.836585  9.67538e-05
rec_dev_est(2010)    -0.543058 -3.07696e-05
rec_dev_est(2011)    -0.767153  0.000165353
rec_dev_est(2012)    -0.281098  0.000153754
rec_dev_est(2013)    -0.790513  0.000296925
rec_dev_est(2014)     0.387266 -0.000277369
rec_dev_est(2015)      0.47346 -0.000383471
rec_dev_est(2016)    -0.180558  3.30759e-05
rec_dev_est(2017)     -1.41254  2.53378e-05
rec_dev_est(2018)     -1.40792  1.42212e-05
rec_dev_est(2019)    -0.852669 -3.04943e-05
rec_dev_est(2020)     0.389229  1.44165e-05
rec_dev_est(2021)     0.351847 -5.08455e-05
rec_dev_est(2022)      1.32339 -7.18218e-06
rec_dev_est(2023)    -0.033186  2.78796e-05
rec_dev_est(2024)    -0.572552  8.35499e-06
logit_rec_prop_est(1982)      3.72681  0.000734094
logit_rec_prop_est(1983)      3.75571  0.000472614
logit_rec_prop_est(1984)       3.1463  -4.0327e-05
logit_rec_prop_est(1985)    -0.864345  0.000570107
logit_rec_prop_est(1986)     -3.18325 -0.000218753
logit_rec_prop_est(1987)    0.0967714 -0.000545918
logit_rec_prop_est(1988)     0.189998  0.000382915
logit_rec_prop_est(1989)      0.91007  0.000596284
logit_rec_prop_est(1990)      1.94511   0.00115962
logit_rec_prop_est(1991)      1.98068  0.000725709
logit_rec_prop_est(1992)     -1.11247 -4.51919e-05
logit_rec_prop_est(1993)     -0.41637  -0.00094547
logit_rec_prop_est(1994)     -1.43304 -0.000481708
logit_rec_prop_est(1995)      1.39398  0.000683395
logit_rec_prop_est(1996)     -2.08665  0.000756946
logit_rec_prop_est(1997)      2.39858  0.000382647
logit_rec_prop_est(1998)    -0.760843 -0.000698743
logit_rec_prop_est(1999)    -0.307552 -0.000267525
logit_rec_prop_est(2000)     -2.08925   0.00018429
logit_rec_prop_est(2001)      1.42302 -0.000148376
logit_rec_prop_est(2002)     -1.14458  0.000556575
logit_rec_prop_est(2003)      1.09325  0.000102636
logit_rec_prop_est(2004)      1.08354  0.000261536
logit_rec_prop_est(2005)    -0.107609 -0.000629977
logit_rec_prop_est(2006)    -0.285305 -5.31954e-05
logit_rec_prop_est(2007)    -0.325242 -0.000319936
logit_rec_prop_est(2008)    -0.447522  -0.00188524
logit_rec_prop_est(2009)    -0.745242  0.000749013
logit_rec_prop_est(2010)    -0.400045   0.00121698
logit_rec_prop_est(2011)    -0.826739 -0.000314475
logit_rec_prop_est(2012)    -0.832455  0.000184544
logit_rec_prop_est(2013)   -0.0498097  0.000879539
logit_rec_prop_est(2014)   -0.0990765  -0.00134131
logit_rec_prop_est(2015)    -0.859541  -0.00147138
logit_rec_prop_est(2016)     -2.04286  0.000104024
logit_rec_prop_est(2017)     -3.57386   0.00048918
logit_rec_prop_est(2018)     -3.34646  0.000345883
logit_rec_prop_est(2019)      2.01957  4.60904e-06
logit_rec_prop_est(2020)    -0.568613 -0.000129333
logit_rec_prop_est(2021)     0.322645  0.000512264
logit_rec_prop_est(2022)    -0.159572  0.000137983
logit_rec_prop_est(2023)     0.355277  0.000175555
logit_rec_prop_est(2024)      2.22699  0.000235573
