ParName   Value   Gradient
T_pars_est[2]       13.259  0.000417997
T_pars_est[3]      13.0235  1.89672e-05
T_pars_est[9]   -0.0826494  2.58278e-07
T_pars_est[10]   -0.0826494  4.94085e-07
T_pars_est[11]    -0.129639 -2.43682e-07
T_pars_est[12]    -0.496164 -2.94161e-07
T_pars_est[13]    -0.388124  3.31257e-07
T_pars_est[14]    -0.200005  1.17174e-06
T_pars_est[15]   -0.0789072  1.64711e-06
T_pars_est[16]   -0.0549684  4.14828e-06
T_pars_est[17]   0.00694453  3.73387e-06
T_pars_est[18]    0.0512388  3.18432e-06
T_pars_est[19]     0.155858   6.6428e-06
T_pars_est[20]    0.0587384  3.83027e-06
T_pars_est[21]   -0.0436366  6.85977e-06
T_pars_est[22]    -0.179383  8.94513e-06
T_pars_est[23]    -0.223997  1.44954e-05
T_pars_est[24]     0.703131  8.28403e-05
T_pars_est[25]     0.157908  5.41936e-05
T_pars_est[26]    -0.448104  3.94739e-05
T_pars_est[27]     -1.02511  1.59624e-05
T_pars_est[28]     -1.40451  5.74213e-06
T_pars_est[29]     -1.70024  3.62969e-06
T_pars_est[30]    -0.698781  2.90495e-06
T_pars_est[31]    -0.403496  3.09624e-06
T_pars_est[32]     0.759596  2.66755e-05
T_pars_est[33]    -0.263035  1.51901e-05
T_pars_est[34]     0.666812  2.34509e-05
T_pars_est[35]   -0.0493825  1.08233e-05
T_pars_est[36]     0.629511  2.02245e-05
T_pars_est[37]     0.475295  1.62641e-05
T_pars_est[38]     0.321623  1.43205e-05
T_pars_est[39]     0.879531  1.44121e-05
T_pars_est[40]     0.534238  1.82976e-05
T_pars_est[41]    -0.130822  4.44751e-06
T_pars_est[42]    0.0392463  9.07693e-06
T_pars_est[43]      0.73838   1.4783e-05
T_pars_est[44]    0.0272003  1.47408e-05
T_pars_est[45]    -0.456588  6.03271e-06
T_pars_est[46]    -0.413554  2.29427e-06
T_pars_est[47]    -0.242991  9.99186e-07
T_pars_est[48]    -0.166541 -8.14579e-07
T_pars_est[49]    -0.143738 -1.10478e-07
T_pars_est[50]    -0.132539  4.16245e-07
T_pars_est[51]    -0.116737  8.34229e-07
T_pars_est[52]   -0.0855359  5.59399e-07
G_pars_est[1]    0.0625713  4.47387e-05
G_pars_est[2]    -0.253621 -0.000112853
S_pars_est[5]     -2.70519 -1.25486e-06
S_pars_est[6]     -2.18987  1.54222e-07
S_pars_est[7]     -1.86525  -1.3885e-06
S_pars_est[8]     -1.22387 -2.80237e-07
S_pars_est[9]     -1.26333  9.41096e-07
S_pars_est[10]     -1.19529   8.0645e-07
S_pars_est[11]    -0.966738 -2.10996e-08
S_pars_est[12]    -0.951858  2.26178e-07
S_pars_est[13]     -1.06878 -1.15076e-07
S_pars_est[14]     -1.01138  8.75312e-07
S_pars_est[15]    -0.949834  8.95736e-07
S_pars_est[16]    -0.901391  6.22961e-07
S_pars_est[17]    -0.884398 -8.92372e-08
S_pars_est[18]     -0.78973  8.41218e-07
S_pars_est[19]    -0.768579  6.55131e-07
S_pars_est[20]     -1.01746 -1.50679e-06
S_pars_est[21]    -0.834093  2.53142e-07
S_pars_est[22]    -0.628062  3.26821e-07
S_pars_est[23]    -0.451785  1.06032e-06
S_pars_est[24]    -0.297281 -1.53478e-07
S_pars_est[25]    -0.199318  2.60444e-07
S_pars_est[26]    -0.340997  3.55799e-07
S_pars_est[27]     -3.13969  1.28708e-06
S_pars_est[28]     -2.60592  4.88573e-06
S_pars_est[29]     -1.80359 -2.61463e-06
S_pars_est[30]     -1.29023 -3.40692e-06
S_pars_est[31]     -1.12491  5.15205e-06
S_pars_est[32]     -0.97388   1.5261e-06
S_pars_est[33]    -0.824702  1.80058e-06
S_pars_est[34]    -0.760734  8.00216e-08
S_pars_est[35]    -0.860114 -1.14659e-06
S_pars_est[36]    -0.890937 -2.81515e-07
S_pars_est[37]    -0.864902  5.46937e-08
S_pars_est[38]    -0.814905 -3.33125e-07
S_pars_est[39]    -0.791787  1.79049e-06
S_pars_est[40]     -0.69686 -2.73371e-06
S_pars_est[41]    -0.560816 -4.98994e-07
S_pars_est[42]     -0.33882  -1.8386e-06
S_pars_est[43]    -0.238187 -1.54952e-07
S_pars_est[44]    -0.167445 -2.00024e-07
S_pars_est[45]    -0.137273 -2.52386e-06
S_pars_est[46]   -0.0996906  8.09103e-07
S_pars_est[47]   -0.0608754 -1.00639e-06
S_pars_est[48]   -0.0520276  4.74233e-07
log_fbar[1]     0.158293  0.000133086
log_fbar[2]     -4.63965 -0.000138513
log_fdev[1](1)     -1.81887  5.01196e-05
log_fdev[1](2)     -1.93814  3.55631e-05
log_fdev[1](3)     -1.20923  1.27915e-05
log_fdev[1](4)    -0.832745  1.11928e-05
log_fdev[1](5)    -0.722809  1.75951e-05
log_fdev[1](6)    -0.422836  2.12819e-05
log_fdev[1](7)    -0.397906  1.34066e-05
log_fdev[1](8)    -0.423952  2.64694e-07
log_fdev[1](9)     0.576386  9.79965e-06
log_fdev[1](10)      0.24181 -9.22232e-06
log_fdev[1](11)     0.709228 -1.21219e-05
log_fdev[1](12)     0.906437 -1.22396e-05
log_fdev[1](13)     0.310907   3.1993e-06
log_fdev[1](14)     0.591098  1.51576e-06
log_fdev[1](15)      0.54001  7.32522e-06
log_fdev[1](16)     0.359504  2.34024e-06
log_fdev[1](17)      1.23244 -1.85329e-05
log_fdev[1](18)    -0.273203  1.41091e-05
log_fdev[1](19)    -0.378736  1.56873e-05
log_fdev[1](20)     0.199692  1.38738e-05
log_fdev[1](21)     0.344416  2.60547e-06
log_fdev[1](22)    -0.264661  5.03371e-06
log_fdev[1](23)    -0.428081  7.98338e-06
log_fdev[1](24)    -0.756546  8.47312e-06
log_fdev[1](25)    -0.243452  9.14019e-06
log_fdev[1](26)     0.155986  5.06337e-06
log_fdev[1](27)   -0.0996762  3.19989e-06
log_fdev[1](28)    -0.595291 -1.21067e-05
log_fdev[1](29)    -0.572113 -1.96343e-05
log_fdev[1](30)    -0.131845 -1.67686e-05
log_fdev[1](31)     0.255147 -6.31416e-06
log_fdev[1](32)     0.623893 -3.81257e-07
log_fdev[1](33)      1.07428 -1.90166e-06
log_fdev[1](34)      1.04521 -8.43266e-06
log_fdev[1](35)     0.611729 -4.44318e-06
log_fdev[1](36)     0.619501  3.85016e-06
log_fdev[1](37)      1.10184 -2.38652e-05
log_fdev[1](38)     0.839603  -8.1317e-06
log_fdev[1](39)      1.30329  1.04763e-05
log_fdev[1](40)    -0.508062  4.11599e-05
log_fdev[1](41)     -0.95671 -1.23252e-05
log_fdev[1](42)    -0.667539 -2.07851e-06
log_fdev[2](1)    -0.272197 -4.49322e-06
log_fdev[2](2)    -0.153316 -1.71493e-06
log_fdev[2](3)    -0.245055 -3.46546e-06
log_fdev[2](4)    -0.414435 -1.43628e-06
log_fdev[2](5)     -9.38578 -4.73251e-07
log_fdev[2](6)     -5.30426  -1.1295e-06
log_fdev[2](7)     -5.75009  -1.0043e-06
log_fdev[2](8)     -1.93441 -2.76705e-06
log_fdev[2](9)     -0.62785 -4.04486e-06
log_fdev[2](10)      1.99949 -7.28774e-06
log_fdev[2](11)      1.57839  -6.8966e-06
log_fdev[2](12)      1.50294  -8.1206e-06
log_fdev[2](13)       1.1605 -5.02818e-06
log_fdev[2](14)      1.65203  -4.8557e-06
log_fdev[2](15)      1.38039 -1.67066e-06
log_fdev[2](16)     0.588029 -7.86766e-07
log_fdev[2](17)     0.925805 -2.13674e-07
log_fdev[2](18)     0.306432 -3.37755e-06
log_fdev[2](19)     0.497234  -5.2582e-06
log_fdev[2](20)     0.499373 -6.82209e-06
log_fdev[2](21)     0.144408 -6.12668e-06
log_fdev[2](22)     0.161189 -9.77477e-06
log_fdev[2](23)       0.1806 -6.98355e-06
log_fdev[2](24)   -0.0114312 -5.44494e-06
log_fdev[2](25)     0.662371 -7.06439e-06
log_fdev[2](26)     0.444836 -5.43918e-06
log_fdev[2](27)    -0.190196 -8.25744e-06
log_fdev[2](28)     0.247894 -8.89002e-06
log_fdev[2](29)    -0.851844 -8.60148e-06
log_fdev[2](30)    -0.736369 -7.19735e-06
log_fdev[2](31)    -0.189866 -5.46641e-06
log_fdev[2](32)     0.213434  -4.7483e-06
log_fdev[2](33)      1.79344 -5.30594e-06
log_fdev[2](34)      3.04745  -6.0085e-06
log_fdev[2](35)    -0.567026 -9.13498e-06
log_fdev[2](36)     0.443611 -9.68776e-06
log_fdev[2](37)      1.72319  -8.8775e-06
log_fdev[2](38)     0.795165  1.07509e-06
log_fdev[2](39)      1.27005 -3.49126e-06
log_fdev[2](40)      0.92789 -8.37567e-07
log_fdev[2](41)   -0.0527785 -2.50913e-06
log_fdev[2](42)     0.578939 -3.50697e-06
log_fdev[2](43)     0.492598 -8.10782e-06
log_fdev[2](44)      1.46924 -8.16297e-06
rec_dev_est(1982)      1.29263  1.47222e-05
rec_dev_est(1983)     0.834191 -4.21376e-06
rec_dev_est(1984)      1.76284 -2.77792e-05
rec_dev_est(1985)      1.24783 -4.47686e-05
rec_dev_est(1986)    -0.458281  1.99492e-06
rec_dev_est(1987)     0.393327  1.60871e-05
rec_dev_est(1988)    -0.309207  1.12707e-05
rec_dev_est(1989)    -0.365108  9.47415e-06
rec_dev_est(1990)      1.75998  6.28895e-05
rec_dev_est(1991)      1.27078   9.9162e-05
rec_dev_est(1992)    -0.739326  1.92442e-05
rec_dev_est(1993)    -0.933019  2.19506e-05
rec_dev_est(1994)     -1.17597  1.20996e-05
rec_dev_est(1995)     -1.19268  2.35537e-06
rec_dev_est(1996)    -0.777261  1.93093e-06
rec_dev_est(1997)    -0.679049   9.5785e-06
rec_dev_est(1998)     -0.34201  1.77343e-05
rec_dev_est(1999)     -1.13124  7.31188e-06
rec_dev_est(2000)     -1.57954  2.28851e-06
rec_dev_est(2001)     0.604468 -2.11232e-05
rec_dev_est(2002)     0.334411 -3.77634e-05
rec_dev_est(2003)      0.32233  -2.8698e-05
rec_dev_est(2004)     0.670399 -7.58576e-05
rec_dev_est(2005)    -0.809416 -1.54101e-05
rec_dev_est(2006)     -1.10136 -5.29794e-06
rec_dev_est(2007)     0.266308 -5.76421e-06
rec_dev_est(2008)     0.320601  -2.3205e-05
rec_dev_est(2009)     -1.07125 -6.57663e-06
rec_dev_est(2010)     -1.04923 -1.17602e-05
rec_dev_est(2011)    -0.997503 -1.53012e-05
rec_dev_est(2012)    -0.327984 -2.74406e-05
rec_dev_est(2013)    -0.316136 -7.86072e-06
rec_dev_est(2014)      1.94438  8.70098e-05
rec_dev_est(2015)     0.450664 -4.38045e-06
rec_dev_est(2016)     -0.54135 -6.45693e-06
rec_dev_est(2017)     -1.14522 -9.24036e-06
rec_dev_est(2018)     -1.26435 -1.25714e-06
rec_dev_est(2019)     -1.67639  2.52299e-07
rec_dev_est(2020)     0.718383 -6.55092e-06
rec_dev_est(2021)     0.944878 -1.10847e-06
rec_dev_est(2022)      1.56609  4.90342e-07
rec_dev_est(2023)     0.115478 -7.43749e-09
rec_dev_est(2024)    -0.312138  9.37902e-07
rec_dev_est(2025)    -0.210166  1.23111e-06
