ParName   Value   Gradient
T_pars_est[2]       13.259  0.000417996
T_pars_est[3]      13.0235  1.89638e-05
T_pars_est[9]   -0.0826494  2.58278e-07
T_pars_est[10]   -0.0826494  4.94085e-07
T_pars_est[11]    -0.129639 -2.43682e-07
T_pars_est[12]    -0.496164 -2.94158e-07
T_pars_est[13]    -0.388124  3.31254e-07
T_pars_est[14]    -0.200005  1.17179e-06
T_pars_est[15]   -0.0789072  1.64703e-06
T_pars_est[16]   -0.0549684  4.14829e-06
T_pars_est[17]   0.00694453   3.7339e-06
T_pars_est[18]    0.0512388  3.18429e-06
T_pars_est[19]     0.155858  6.64277e-06
T_pars_est[20]    0.0587384  3.83026e-06
T_pars_est[21]   -0.0436366  6.85975e-06
T_pars_est[22]    -0.179383  8.94507e-06
T_pars_est[23]    -0.223997  1.44953e-05
T_pars_est[24]     0.703131  8.28402e-05
T_pars_est[25]     0.157908  5.41935e-05
T_pars_est[26]    -0.448104  3.94738e-05
T_pars_est[27]     -1.02511  1.59624e-05
T_pars_est[28]     -1.40451  5.74211e-06
T_pars_est[29]     -1.70024  3.62968e-06
T_pars_est[30]    -0.698781  2.90493e-06
T_pars_est[31]    -0.403496  3.09622e-06
T_pars_est[32]     0.759596  2.66754e-05
T_pars_est[33]    -0.263035  1.51901e-05
T_pars_est[34]     0.666812  2.34508e-05
T_pars_est[35]   -0.0493825  1.08232e-05
T_pars_est[36]     0.629511  2.02244e-05
T_pars_est[37]     0.475295   1.6264e-05
T_pars_est[38]     0.321623  1.43205e-05
T_pars_est[39]     0.879531   1.4412e-05
T_pars_est[40]     0.534238  1.82976e-05
T_pars_est[41]    -0.130822  4.44747e-06
T_pars_est[42]    0.0392463   9.0769e-06
T_pars_est[43]      0.73838  1.47829e-05
T_pars_est[44]    0.0272003  1.47408e-05
T_pars_est[45]    -0.456588   6.0327e-06
T_pars_est[46]    -0.413554  2.29426e-06
T_pars_est[47]    -0.242991  9.99184e-07
T_pars_est[48]    -0.166541 -8.14581e-07
T_pars_est[49]    -0.143738 -1.10479e-07
T_pars_est[50]    -0.132539  4.16244e-07
T_pars_est[51]    -0.116737  8.34229e-07
T_pars_est[52]   -0.0855359  5.59399e-07
G_pars_est[1]    0.0625713   4.4738e-05
G_pars_est[2]    -0.253621 -0.000112851
M_pars_est[1]     0.290713 -2.13466e-05
M_pars_est[2]     0.642386  6.40923e-06
M_pars_est[3]      1.17103 -1.51472e-06
M_pars_est[5]           -1 -4.47538e-07
M_pars_est[7]      2.85765 -2.66217e-05
S_pars_est[1]      4.68142 -0.000182009
S_pars_est[2]      1.71022 -9.19642e-07
S_pars_est[3]      4.82149  0.000111367
S_pars_est[4]      2.39822  -0.00012053
S_pars_est[5]     -2.70519 -1.25486e-06
S_pars_est[6]     -2.18987   1.5422e-07
S_pars_est[7]     -1.86525  -1.3885e-06
S_pars_est[8]     -1.22387 -2.80232e-07
S_pars_est[9]     -1.26333  9.41085e-07
S_pars_est[10]     -1.19529  8.06521e-07
S_pars_est[11]    -0.966738 -2.11672e-08
S_pars_est[12]    -0.951858  2.26185e-07
S_pars_est[13]     -1.06878 -1.15061e-07
S_pars_est[14]     -1.01138  8.75301e-07
S_pars_est[15]    -0.949834  8.95728e-07
S_pars_est[16]    -0.901391  6.22963e-07
S_pars_est[17]    -0.884398  -8.9237e-08
S_pars_est[18]     -0.78973  8.41214e-07
S_pars_est[19]    -0.768579  6.55127e-07
S_pars_est[20]     -1.01746 -1.50679e-06
S_pars_est[21]    -0.834093   2.5314e-07
S_pars_est[22]    -0.628062  3.26819e-07
S_pars_est[23]    -0.451785  1.06032e-06
S_pars_est[24]    -0.297281 -1.53479e-07
S_pars_est[25]    -0.199318  2.60443e-07
S_pars_est[26]    -0.340997  3.55798e-07
S_pars_est[27]     -3.13969  1.28708e-06
S_pars_est[28]     -2.60592  4.88573e-06
S_pars_est[29]     -1.80359 -2.61462e-06
S_pars_est[30]     -1.29023  -3.4069e-06
S_pars_est[31]     -1.12491  5.15203e-06
S_pars_est[32]     -0.97388  1.52632e-06
S_pars_est[33]    -0.824702  1.80033e-06
S_pars_est[34]    -0.760734  8.00601e-08
S_pars_est[35]    -0.860114 -1.14652e-06
S_pars_est[36]    -0.890937 -2.81569e-07
S_pars_est[37]    -0.864902    5.466e-08
S_pars_est[38]    -0.814905 -3.33117e-07
S_pars_est[39]    -0.791787  1.79049e-06
S_pars_est[40]     -0.69686 -2.73373e-06
S_pars_est[41]    -0.560816 -4.99011e-07
S_pars_est[42]     -0.33882  -1.8386e-06
S_pars_est[43]    -0.238187 -1.54955e-07
S_pars_est[44]    -0.167445 -2.00028e-07
S_pars_est[45]    -0.137273 -2.52386e-06
S_pars_est[46]   -0.0996906  8.09102e-07
S_pars_est[47]   -0.0608754  -1.0064e-06
S_pars_est[48]   -0.0520276  4.74232e-07
S_pars_est[49]      4.60024 -0.000210411
S_pars_est[50]     0.364058 -8.02312e-07
log_fbar[1]     0.158293  0.000133086
log_fbar[2]     -4.63965 -0.000138513
log_fdev[1](1)     -1.81887  5.01196e-05
log_fdev[1](2)     -1.93814  3.55631e-05
log_fdev[1](3)     -1.20923  1.27914e-05
log_fdev[1](4)    -0.832745  1.11927e-05
log_fdev[1](5)    -0.722809   1.7595e-05
log_fdev[1](6)    -0.422836  2.12818e-05
log_fdev[1](7)    -0.397906  1.34066e-05
log_fdev[1](8)    -0.423952  2.64643e-07
log_fdev[1](9)     0.576386  9.79961e-06
log_fdev[1](10)      0.24181 -9.22234e-06
log_fdev[1](11)     0.709228 -1.21219e-05
log_fdev[1](12)     0.906437 -1.22396e-05
log_fdev[1](13)     0.310907  3.19933e-06
log_fdev[1](14)     0.591098  1.51572e-06
log_fdev[1](15)      0.54001  7.32517e-06
log_fdev[1](16)     0.359504  2.34023e-06
log_fdev[1](17)      1.23244 -1.85329e-05
log_fdev[1](18)    -0.273203  1.41091e-05
log_fdev[1](19)    -0.378736  1.56873e-05
log_fdev[1](20)     0.199692  1.38738e-05
log_fdev[1](21)     0.344416  2.60546e-06
log_fdev[1](22)    -0.264661  5.03368e-06
log_fdev[1](23)    -0.428081  7.98335e-06
log_fdev[1](24)    -0.756546  8.47313e-06
log_fdev[1](25)    -0.243452  9.14017e-06
log_fdev[1](26)     0.155986  5.06332e-06
log_fdev[1](27)   -0.0996762  3.19987e-06
log_fdev[1](28)    -0.595291 -1.21068e-05
log_fdev[1](29)    -0.572113 -1.96343e-05
log_fdev[1](30)    -0.131845 -1.67686e-05
log_fdev[1](31)     0.255147 -6.31415e-06
log_fdev[1](32)     0.623893  -3.8129e-07
log_fdev[1](33)      1.07428 -1.90168e-06
log_fdev[1](34)      1.04521 -8.43265e-06
log_fdev[1](35)     0.611729 -4.44316e-06
log_fdev[1](36)     0.619501  3.85015e-06
log_fdev[1](37)      1.10184 -2.38652e-05
log_fdev[1](38)     0.839603  -8.1318e-06
log_fdev[1](39)      1.30329  1.04763e-05
log_fdev[1](40)    -0.508062  4.11599e-05
log_fdev[1](41)     -0.95671 -1.23252e-05
log_fdev[1](42)    -0.667539 -2.07867e-06
log_fdev[2](1)    -0.272197 -4.49322e-06
log_fdev[2](2)    -0.153316 -1.71493e-06
log_fdev[2](3)    -0.245055 -3.46546e-06
log_fdev[2](4)    -0.414435 -1.43628e-06
log_fdev[2](5)     -9.38578  -4.7325e-07
log_fdev[2](6)     -5.30426  -1.1295e-06
log_fdev[2](7)     -5.75009  -1.0043e-06
log_fdev[2](8)     -1.93441 -2.76705e-06
log_fdev[2](9)     -0.62785 -4.04487e-06
log_fdev[2](10)      1.99949 -7.28774e-06
log_fdev[2](11)      1.57839 -6.89659e-06
log_fdev[2](12)      1.50294  -8.1206e-06
log_fdev[2](13)       1.1605 -5.02818e-06
log_fdev[2](14)      1.65203 -4.85571e-06
log_fdev[2](15)      1.38039 -1.67068e-06
log_fdev[2](16)     0.588029 -7.86764e-07
log_fdev[2](17)     0.925805 -2.13667e-07
log_fdev[2](18)     0.306432 -3.37754e-06
log_fdev[2](19)     0.497234  -5.2582e-06
log_fdev[2](20)     0.499373  -6.8221e-06
log_fdev[2](21)     0.144408 -6.12669e-06
log_fdev[2](22)     0.161189 -9.77478e-06
log_fdev[2](23)       0.1806 -6.98356e-06
log_fdev[2](24)   -0.0114312 -5.44494e-06
log_fdev[2](25)     0.662371 -7.06439e-06
log_fdev[2](26)     0.444836 -5.43919e-06
log_fdev[2](27)    -0.190196 -8.25745e-06
log_fdev[2](28)     0.247894 -8.89002e-06
log_fdev[2](29)    -0.851844 -8.60148e-06
log_fdev[2](30)    -0.736369 -7.19735e-06
log_fdev[2](31)    -0.189866 -5.46641e-06
log_fdev[2](32)     0.213434 -4.74831e-06
log_fdev[2](33)      1.79344 -5.30595e-06
log_fdev[2](34)      3.04745  -6.0085e-06
log_fdev[2](35)    -0.567026 -9.13498e-06
log_fdev[2](36)     0.443611 -9.68777e-06
log_fdev[2](37)      1.72319 -8.87752e-06
log_fdev[2](38)     0.795165  1.07506e-06
log_fdev[2](39)      1.27005 -3.49128e-06
log_fdev[2](40)      0.92789 -8.37572e-07
log_fdev[2](41)   -0.0527785 -2.50912e-06
log_fdev[2](42)     0.578939 -3.50697e-06
log_fdev[2](43)     0.492598 -8.10782e-06
log_fdev[2](44)      1.46924 -8.16299e-06
rec_dev_est(1982)      1.29263  1.47221e-05
rec_dev_est(1983)     0.834191 -4.21381e-06
rec_dev_est(1984)      1.76284 -2.77792e-05
rec_dev_est(1985)      1.24783 -4.47685e-05
rec_dev_est(1986)    -0.458281  1.99492e-06
rec_dev_est(1987)     0.393327  1.60871e-05
rec_dev_est(1988)    -0.309207  1.12707e-05
rec_dev_est(1989)    -0.365108  9.47411e-06
rec_dev_est(1990)      1.75998  6.28893e-05
rec_dev_est(1991)      1.27078  9.91621e-05
rec_dev_est(1992)    -0.739326  1.92442e-05
rec_dev_est(1993)    -0.933019  2.19506e-05
rec_dev_est(1994)     -1.17597  1.20996e-05
rec_dev_est(1995)     -1.19268  2.35533e-06
rec_dev_est(1996)    -0.777261  1.93086e-06
rec_dev_est(1997)    -0.679049  9.57844e-06
rec_dev_est(1998)     -0.34201  1.77343e-05
rec_dev_est(1999)     -1.13124  7.31187e-06
rec_dev_est(2000)     -1.57954  2.28847e-06
rec_dev_est(2001)     0.604468 -2.11234e-05
rec_dev_est(2002)     0.334411 -3.77635e-05
rec_dev_est(2003)      0.32233  -2.8698e-05
rec_dev_est(2004)     0.670399 -7.58577e-05
rec_dev_est(2005)    -0.809416 -1.54101e-05
rec_dev_est(2006)     -1.10136 -5.29797e-06
rec_dev_est(2007)     0.266308  -5.7643e-06
rec_dev_est(2008)     0.320601  -2.3205e-05
rec_dev_est(2009)     -1.07125 -6.57662e-06
rec_dev_est(2010)     -1.04923 -1.17602e-05
rec_dev_est(2011)    -0.997503 -1.53013e-05
rec_dev_est(2012)    -0.327984 -2.74407e-05
rec_dev_est(2013)    -0.316136 -7.86083e-06
rec_dev_est(2014)      1.94438  8.70093e-05
rec_dev_est(2015)     0.450664 -4.38046e-06
rec_dev_est(2016)     -0.54135 -6.45693e-06
rec_dev_est(2017)     -1.14522 -9.24037e-06
rec_dev_est(2018)     -1.26435 -1.25715e-06
rec_dev_est(2019)     -1.67639  2.52256e-07
rec_dev_est(2020)     0.718383 -6.55111e-06
rec_dev_est(2021)     0.944878  -1.1085e-06
rec_dev_est(2022)      1.56609  4.90379e-07
rec_dev_est(2023)     0.115478 -7.42835e-09
rec_dev_est(2024)    -0.312138  9.37902e-07
rec_dev_est(2025)    -0.210166  1.23111e-06
