ParName   Value   Gradient
T_pars_est[2]       13.259  0.000417992
T_pars_est[3]      13.0235  1.89643e-05
T_pars_est[9]   -0.0826494  2.58278e-07
T_pars_est[10]   -0.0826494  4.94085e-07
T_pars_est[11]    -0.129639 -2.43679e-07
T_pars_est[12]    -0.496164  -2.9417e-07
T_pars_est[13]    -0.388124  3.31292e-07
T_pars_est[14]    -0.200005   1.1717e-06
T_pars_est[15]   -0.0789072  1.64715e-06
T_pars_est[16]   -0.0549684  4.14831e-06
T_pars_est[17]   0.00694453   3.7339e-06
T_pars_est[18]    0.0512388  3.18432e-06
T_pars_est[19]     0.155858  6.64271e-06
T_pars_est[20]    0.0587384  3.83059e-06
T_pars_est[21]   -0.0436366  6.85993e-06
T_pars_est[22]    -0.179383  8.94554e-06
T_pars_est[23]    -0.223997  1.44966e-05
T_pars_est[24]     0.703131  8.28413e-05
T_pars_est[25]     0.157908  5.41908e-05
T_pars_est[26]    -0.448104  3.94732e-05
T_pars_est[27]     -1.02511  1.59613e-05
T_pars_est[28]     -1.40451  5.74214e-06
T_pars_est[29]     -1.70024  3.62984e-06
T_pars_est[30]    -0.698781  2.90435e-06
T_pars_est[31]    -0.403496  3.09621e-06
T_pars_est[32]     0.759596  2.66752e-05
T_pars_est[33]    -0.263035    1.519e-05
T_pars_est[34]     0.666812  2.34506e-05
T_pars_est[35]   -0.0493825  1.08232e-05
T_pars_est[36]     0.629511  2.02242e-05
T_pars_est[37]     0.475295   1.6264e-05
T_pars_est[38]     0.321623  1.43205e-05
T_pars_est[39]     0.879531  1.44116e-05
T_pars_est[40]     0.534238  1.82974e-05
T_pars_est[41]    -0.130822  4.44756e-06
T_pars_est[42]    0.0392463  9.07676e-06
T_pars_est[43]      0.73838   1.4782e-05
T_pars_est[44]    0.0272003  1.47404e-05
T_pars_est[45]    -0.456588  6.03261e-06
T_pars_est[46]    -0.413554  2.29433e-06
T_pars_est[47]    -0.242991  9.99084e-07
T_pars_est[48]    -0.166541 -8.14612e-07
T_pars_est[49]    -0.143738 -1.10519e-07
T_pars_est[50]    -0.132539  4.16238e-07
T_pars_est[51]    -0.116737  8.34228e-07
T_pars_est[52]   -0.0855359  5.59394e-07
log_fbar[1]     0.158293  0.000133091
log_fbar[2]     -4.63965 -0.000138513
log_fdev[1](1)     -1.81887  5.01194e-05
log_fdev[1](2)     -1.93814  3.55627e-05
log_fdev[1](3)     -1.20923  1.27914e-05
log_fdev[1](4)    -0.832745  1.11929e-05
log_fdev[1](5)    -0.722809  1.75952e-05
log_fdev[1](6)    -0.422836  2.12819e-05
log_fdev[1](7)    -0.397906  1.34066e-05
log_fdev[1](8)    -0.423952  2.64669e-07
log_fdev[1](9)     0.576386  9.79987e-06
log_fdev[1](10)      0.24181 -9.22217e-06
log_fdev[1](11)     0.709228 -1.21215e-05
log_fdev[1](12)     0.906437 -1.22392e-05
log_fdev[1](13)     0.310907  3.19977e-06
log_fdev[1](14)     0.591098  1.51588e-06
log_fdev[1](15)      0.54001  7.32506e-06
log_fdev[1](16)     0.359504  2.34012e-06
log_fdev[1](17)      1.23244 -1.85332e-05
log_fdev[1](18)    -0.273203  1.41097e-05
log_fdev[1](19)    -0.378736  1.56878e-05
log_fdev[1](20)     0.199692  1.38742e-05
log_fdev[1](21)     0.344416  2.60575e-06
log_fdev[1](22)    -0.264661  5.03387e-06
log_fdev[1](23)    -0.428081  7.98363e-06
log_fdev[1](24)    -0.756546  8.47367e-06
log_fdev[1](25)    -0.243452  9.14059e-06
log_fdev[1](26)     0.155986  5.06348e-06
log_fdev[1](27)   -0.0996762  3.20003e-06
log_fdev[1](28)    -0.595291 -1.21066e-05
log_fdev[1](29)    -0.572113 -1.96341e-05
log_fdev[1](30)    -0.131845  -1.6768e-05
log_fdev[1](31)     0.255147 -6.31356e-06
log_fdev[1](32)     0.623893 -3.81014e-07
log_fdev[1](33)      1.07428 -1.90135e-06
log_fdev[1](34)      1.04521 -8.43221e-06
log_fdev[1](35)     0.611729 -4.44259e-06
log_fdev[1](36)     0.619501   3.8505e-06
log_fdev[1](37)      1.10184  -2.3865e-05
log_fdev[1](38)     0.839603  -8.1318e-06
log_fdev[1](39)      1.30329  1.04765e-05
log_fdev[1](40)    -0.508062    4.116e-05
log_fdev[1](41)     -0.95671 -1.23251e-05
log_fdev[1](42)    -0.667539 -2.07936e-06
log_fdev[2](1)    -0.272197 -4.49324e-06
log_fdev[2](2)    -0.153316 -1.71495e-06
log_fdev[2](3)    -0.245055 -3.46547e-06
log_fdev[2](4)    -0.414435 -1.43629e-06
log_fdev[2](5)     -9.38578 -4.73255e-07
log_fdev[2](6)     -5.30426 -1.12951e-06
log_fdev[2](7)     -5.75009 -1.00431e-06
log_fdev[2](8)     -1.93441 -2.76706e-06
log_fdev[2](9)     -0.62785 -4.04488e-06
log_fdev[2](10)      1.99949 -7.28773e-06
log_fdev[2](11)      1.57839 -6.89653e-06
log_fdev[2](12)      1.50294 -8.12053e-06
log_fdev[2](13)       1.1605 -5.02814e-06
log_fdev[2](14)      1.65203 -4.85569e-06
log_fdev[2](15)      1.38039 -1.67069e-06
log_fdev[2](16)     0.588029 -7.86767e-07
log_fdev[2](17)     0.925805 -2.13594e-07
log_fdev[2](18)     0.306432 -3.37743e-06
log_fdev[2](19)     0.497234 -5.25812e-06
log_fdev[2](20)     0.499373 -6.82204e-06
log_fdev[2](21)     0.144408 -6.12667e-06
log_fdev[2](22)     0.161189 -9.77477e-06
log_fdev[2](23)       0.1806 -6.98356e-06
log_fdev[2](24)   -0.0114312 -5.44492e-06
log_fdev[2](25)     0.662371 -7.06439e-06
log_fdev[2](26)     0.444836 -5.43921e-06
log_fdev[2](27)    -0.190196 -8.25746e-06
log_fdev[2](28)     0.247894 -8.89003e-06
log_fdev[2](29)    -0.851844 -8.60149e-06
log_fdev[2](30)    -0.736369 -7.19732e-06
log_fdev[2](31)    -0.189866 -5.46637e-06
log_fdev[2](32)     0.213434 -4.74829e-06
log_fdev[2](33)      1.79344 -5.30591e-06
log_fdev[2](34)      3.04745 -6.00845e-06
log_fdev[2](35)    -0.567026 -9.13492e-06
log_fdev[2](36)     0.443611 -9.68775e-06
log_fdev[2](37)      1.72319 -8.87751e-06
log_fdev[2](38)     0.795165  1.07503e-06
log_fdev[2](39)      1.27005 -3.49126e-06
log_fdev[2](40)      0.92789 -8.37551e-07
log_fdev[2](41)   -0.0527785 -2.50909e-06
log_fdev[2](42)     0.578939 -3.50693e-06
log_fdev[2](43)     0.492598 -8.10781e-06
log_fdev[2](44)      1.46924 -8.16304e-06
rec_dev_est(1982)      1.29263   1.4722e-05
rec_dev_est(1983)     0.834191 -4.21374e-06
rec_dev_est(1984)      1.76284 -2.77786e-05
rec_dev_est(1985)      1.24783 -4.47678e-05
rec_dev_est(1986)    -0.458281  1.99505e-06
rec_dev_est(1987)     0.393327  1.60874e-05
rec_dev_est(1988)    -0.309207  1.12708e-05
rec_dev_est(1989)    -0.365108  9.47408e-06
rec_dev_est(1990)      1.75998  6.28896e-05
rec_dev_est(1991)      1.27078  9.91637e-05
rec_dev_est(1992)    -0.739326  1.92446e-05
rec_dev_est(1993)    -0.933019  2.19509e-05
rec_dev_est(1994)     -1.17597  1.20997e-05
rec_dev_est(1995)     -1.19268  2.35528e-06
rec_dev_est(1996)    -0.777261  1.93056e-06
rec_dev_est(1997)    -0.679049  9.57804e-06
rec_dev_est(1998)     -0.34201  1.77338e-05
rec_dev_est(1999)     -1.13124  7.31175e-06
rec_dev_est(2000)     -1.57954  2.28846e-06
rec_dev_est(2001)     0.604468 -2.11234e-05
rec_dev_est(2002)     0.334411 -3.77636e-05
rec_dev_est(2003)      0.32233 -2.86979e-05
rec_dev_est(2004)     0.670399 -7.58572e-05
rec_dev_est(2005)    -0.809416   -1.541e-05
rec_dev_est(2006)     -1.10136 -5.29789e-06
rec_dev_est(2007)     0.266308 -5.76413e-06
rec_dev_est(2008)     0.320601 -2.32047e-05
rec_dev_est(2009)     -1.07125 -6.57657e-06
rec_dev_est(2010)     -1.04923 -1.17603e-05
rec_dev_est(2011)    -0.997503 -1.53016e-05
rec_dev_est(2012)    -0.327984 -2.74414e-05
rec_dev_est(2013)    -0.316136  -7.8612e-06
rec_dev_est(2014)      1.94438   8.7008e-05
rec_dev_est(2015)     0.450664 -4.38075e-06
rec_dev_est(2016)     -0.54135 -6.45707e-06
rec_dev_est(2017)     -1.14522 -9.24045e-06
rec_dev_est(2018)     -1.26435 -1.25724e-06
rec_dev_est(2019)     -1.67639  2.52062e-07
rec_dev_est(2020)     0.718383 -6.55169e-06
rec_dev_est(2021)     0.944878 -1.10845e-06
rec_dev_est(2022)      1.56609   4.9039e-07
rec_dev_est(2023)     0.115478 -7.41528e-09
rec_dev_est(2024)    -0.312138  9.37908e-07
rec_dev_est(2025)    -0.210166  1.23111e-06
