ParName   Value   Gradient
T_pars_est[2]       13.259    0.0027249
T_pars_est[3]      13.0174   0.00791633
T_pars_est[9]   -0.0826408   0.00129801
T_pars_est[10]   -0.0826494  6.13103e-09
T_pars_est[11]     -0.12961   0.00747359
T_pars_est[12]    -0.496177  0.000664171
T_pars_est[13]    -0.388126  -0.00178535
T_pars_est[14]    -0.200016  -0.00266613
T_pars_est[15]   -0.0789272  0.000307047
T_pars_est[16]   -0.0549788  0.000271526
T_pars_est[17]   0.00693205  -0.00269038
T_pars_est[18]    0.0512264  -0.00014657
T_pars_est[19]     0.155847  0.000244329
T_pars_est[20]    0.0587361  0.000475161
T_pars_est[21]   -0.0436258  0.000660796
T_pars_est[22]    -0.179355  0.000632343
T_pars_est[23]    -0.224008  3.11524e-05
T_pars_est[24]     0.703107 -0.000488344
T_pars_est[25]     0.157893  0.000243386
T_pars_est[26]    -0.448115  0.000173279
T_pars_est[27]     -1.02512 -9.18011e-05
T_pars_est[28]     -1.40452  0.000945953
T_pars_est[29]     -1.70026    -0.003596
T_pars_est[30]    -0.698785 -0.000211737
T_pars_est[31]    -0.403304  -0.00194276
T_pars_est[32]     0.759827   0.00123399
T_pars_est[33]    -0.263146 -0.000506477
T_pars_est[34]     0.666779 -0.000101095
T_pars_est[35]   -0.0493656  0.000921392
T_pars_est[36]      0.62952   3.8305e-05
T_pars_est[37]     0.475293  0.000853004
T_pars_est[38]     0.321607  0.000388634
T_pars_est[39]      0.87951 -0.000852675
T_pars_est[40]     0.534215  0.000681288
T_pars_est[41]    -0.130829   0.00180052
T_pars_est[42]    0.0392409   0.00218499
T_pars_est[43]     0.738343  0.000316485
T_pars_est[44]    0.0271851   0.00145952
T_pars_est[45]      -0.4566  0.000789248
T_pars_est[46]    -0.413561 -2.97377e-05
T_pars_est[47]    -0.243015  -0.00513047
T_pars_est[48]    -0.166543 -0.000108766
T_pars_est[49]    -0.143755  -0.00367303
T_pars_est[50]    -0.132542 -0.000564186
T_pars_est[51]    -0.116746  -0.00169863
T_pars_est[52]   -0.0855358  2.90648e-06
log_fbar[1]     0.162151   0.00119687
log_fbar[2]     -4.64725  0.000464089
log_fdev[1](1)     -1.82275   0.00067746
log_fdev[1](2)     -1.94201  0.000127429
log_fdev[1](3)      -1.2131  0.000229076
log_fdev[1](4)    -0.836626  0.000190027
log_fdev[1](5)    -0.726701  0.000249468
log_fdev[1](6)    -0.426759  0.000318212
log_fdev[1](7)    -0.401779  0.000593213
log_fdev[1](8)    -0.427719  0.000379653
log_fdev[1](9)     0.572572  0.000218288
log_fdev[1](10)     0.237925  -0.00018789
log_fdev[1](11)     0.705363 -0.000346925
log_fdev[1](12)     0.902535  0.000355872
log_fdev[1](13)     0.307052  0.000230144
log_fdev[1](14)     0.587293 -0.000285046
log_fdev[1](15)     0.536013  2.16024e-05
log_fdev[1](16)     0.355462 -7.56685e-05
log_fdev[1](17)      1.22818 -2.85831e-06
log_fdev[1](18)    -0.277332 -8.27295e-05
log_fdev[1](19)    -0.382756  0.000281392
log_fdev[1](20)     0.195899 -8.50854e-05
log_fdev[1](21)     0.341578 -4.29221e-05
log_fdev[1](22)    -0.264456 -0.000200751
log_fdev[1](23)    -0.423385 -0.000200592
log_fdev[1](24)    -0.740732 -0.000131221
log_fdev[1](25)    -0.235866 -8.29044e-05
log_fdev[1](26)     0.154245  5.85777e-05
log_fdev[1](27)    -0.103437  0.000156268
log_fdev[1](28)    -0.598937 -0.000259863
log_fdev[1](29)    -0.575882  0.000201596
log_fdev[1](30)    -0.135715 -0.000220131
log_fdev[1](31)     0.251395 -2.45138e-05
log_fdev[1](32)     0.620276  9.29308e-05
log_fdev[1](33)      1.07054  0.000196507
log_fdev[1](34)      1.04189  0.000202385
log_fdev[1](35)     0.609174  0.000510166
log_fdev[1](36)     0.620495  7.97818e-05
log_fdev[1](37)      1.10098 -0.000145945
log_fdev[1](38)     0.834865  9.63197e-05
log_fdev[1](39)      1.30223 -0.000286885
log_fdev[1](40)     -0.49775 -0.000491022
log_fdev[1](41)    -0.918618 -0.000101023
log_fdev[1](42)    -0.623638 -0.000335249
log_fdev[2](1)    -0.264607  0.000362668
log_fdev[2](2)    -0.145719     0.002421
log_fdev[2](3)     -0.23748   -0.0057194
log_fdev[2](4)    -0.406839   0.00587581
log_fdev[2](5)     -9.37821 -7.44264e-05
log_fdev[2](6)     -5.29672 -0.000522562
log_fdev[2](7)     -5.74249 -0.000259896
log_fdev[2](8)     -1.92671  0.000910018
log_fdev[2](9)     -0.62018  0.000604249
log_fdev[2](10)      2.00708   0.00179381
log_fdev[2](11)      1.58601  -0.00329566
log_fdev[2](12)      1.51054   0.00146708
log_fdev[2](13)      1.16812   0.00049469
log_fdev[2](14)      1.65965  -0.00117098
log_fdev[2](15)      1.38784  0.000934716
log_fdev[2](16)      0.59539 -0.000803062
log_fdev[2](17)     0.933031    0.0015529
log_fdev[2](18)     0.313801  -0.00370459
log_fdev[2](19)      0.50474   0.00326553
log_fdev[2](20)     0.507192 -0.000317725
log_fdev[2](21)      0.15327 -0.000545618
log_fdev[2](22)     0.172703  0.000506333
log_fdev[2](23)     0.196034   -0.0016032
log_fdev[2](24)    -0.030173  0.000659913
log_fdev[2](25)     0.635305  -0.00131652
log_fdev[2](26)     0.442857  0.000742775
log_fdev[2](27)    -0.182485 -0.000606535
log_fdev[2](28)     0.255727 -0.000825961
log_fdev[2](29)    -0.844091   0.00260254
log_fdev[2](30)    -0.728726   0.00060155
log_fdev[2](31)    -0.182135   -0.0021434
log_fdev[2](32)     0.216804 -0.000775558
log_fdev[2](33)       1.8006   0.00266132
log_fdev[2](34)      3.05388 -7.76464e-05
log_fdev[2](35)    -0.558394 -0.000747743
log_fdev[2](36)     0.346136    0.0017252
log_fdev[2](37)      1.70553  -0.00164422
log_fdev[2](38)     0.802984  0.000269777
log_fdev[2](39)      1.28092   0.00144162
log_fdev[2](40)     0.918841  -0.00434976
log_fdev[2](41)   -0.0277484  0.000821903
log_fdev[2](42)     0.607964  0.000635902
log_fdev[2](43)     0.444306 -0.000792375
log_fdev[2](44)      1.36544  -8.0171e-05
rec_dev_est(1982)      1.29874 -0.000508029
rec_dev_est(1983)     0.839586   0.00090996
rec_dev_est(1984)      1.76919  0.000580582
rec_dev_est(1985)      1.25404  0.000697466
rec_dev_est(1986)    -0.453827   0.00026763
rec_dev_est(1987)     0.400045  4.85198e-05
rec_dev_est(1988)    -0.303554  0.000429713
rec_dev_est(1989)    -0.359907  0.000790657
rec_dev_est(1990)      1.76636  0.000340837
rec_dev_est(1991)      1.27717  0.000535618
rec_dev_est(1992)    -0.734095  6.94187e-05
rec_dev_est(1993)    -0.926821  0.000267254
rec_dev_est(1994)     -1.17004 -0.000524518
rec_dev_est(1995)     -1.18724  0.000824686
rec_dev_est(1996)    -0.771907  0.000152129
rec_dev_est(1997)    -0.675505  0.000237856
rec_dev_est(1998)    -0.348388   0.00125871
rec_dev_est(1999)     -1.12584 -0.000824683
rec_dev_est(2000)     -1.57048  -0.00105973
rec_dev_est(2001)     0.617033   0.00078652
rec_dev_est(2002)     0.336296 -0.000250493
rec_dev_est(2003)      0.32866   0.00108249
rec_dev_est(2004)     0.677098 -0.000722558
rec_dev_est(2005)    -0.804339    0.0033971
rec_dev_est(2006)     -1.09616  -0.00240436
rec_dev_est(2007)     0.272448   0.00021971
rec_dev_est(2008)      0.32699  0.000580321
rec_dev_est(2009)     -1.06556  -0.00326003
rec_dev_est(2010)     -1.04449   0.00258615
rec_dev_est(2011)    -0.995176  -0.00107399
rec_dev_est(2012)    -0.320338  0.000937148
rec_dev_est(2013)    -0.309452 -0.000877131
rec_dev_est(2014)        1.952  0.000569251
rec_dev_est(2015)     0.410291  0.000234203
rec_dev_est(2016)    -0.582472  0.000125336
rec_dev_est(2017)     -1.18366  6.65526e-05
rec_dev_est(2018)     -1.29324  -0.00220166
rec_dev_est(2019)      -1.7351  0.000878297
rec_dev_est(2020)     0.718506  0.000160403
rec_dev_est(2021)      0.96386 -9.92959e-05
rec_dev_est(2022)      1.56304  7.48286e-05
rec_dev_est(2023)     0.119947 -0.000425452
rec_dev_est(2024)    -0.309955  0.000100296
rec_dev_est(2025)    -0.209052 -0.000373239
