ParName   Value   Gradient
theta[3]      13.8084   0.00287655
theta[11]      9.50408  3.46532e-06
theta[12]       9.5199 -6.99371e-06
theta[13]      9.56832 -3.27447e-06
theta[14]      9.67829  1.35834e-05
theta[15]       10.097   1.2027e-05
theta[16]      10.6188 -5.87731e-06
theta[17]       11.032  1.28772e-05
theta[18]      11.1942  3.21374e-06
theta[19]      11.2439 -4.58622e-06
theta[20]      11.2594 -7.52654e-06
theta[21]       11.224 -1.46145e-06
theta[22]      11.0566 -4.45246e-06
theta[23]      10.9107 -2.70078e-06
theta[24]       10.832 -1.30066e-05
theta[25]      11.0348 -8.12559e-06
theta[26]      11.5163  1.56833e-05
theta[27]      12.1269  0.000119793
theta[28]      12.2105  0.000134417
theta[29]      10.7727  2.39228e-05
theta[30]       9.2328  8.06232e-06
theta[31]       8.3032 -3.22511e-06
theta[32]      7.88509  9.68434e-06
theta[33]      12.0353 -2.21129e-05
theta[34]      12.0834   1.5499e-05
theta[35]      12.4086  3.74247e-06
theta[36]      13.2923 -6.32038e-06
theta[37]      12.9657 -1.61441e-05
theta[38]      13.1009 -1.21817e-05
theta[39]      12.9092 -3.42148e-05
theta[40]      12.7487  1.10317e-05
theta[41]      12.6811  1.00952e-05
theta[42]      12.2858  -5.2652e-06
theta[43]      11.8824 -6.42091e-06
theta[44]      11.9098  3.03648e-05
theta[45]      12.0119  2.76869e-05
theta[46]      11.1489  1.20218e-05
theta[47]      9.72709  2.16048e-05
theta[48]      8.55188  5.26044e-06
theta[49]      7.75306 -1.70399e-06
theta[50]      7.20688 -7.17671e-06
theta[51]      6.82034 -3.78494e-06
theta[52]      6.56191 -4.54273e-06
theta[53]      6.39397  -8.1668e-06
theta[54]      6.31004  2.63367e-06
theta[55]      11.8503  1.88073e-05
theta[56]      11.8766  3.29305e-05
theta[57]       11.942  2.73645e-05
theta[58]      12.1822  2.30344e-07
theta[59]      13.3963 -4.34314e-05
theta[60]      13.5253 -1.13104e-05
theta[61]      12.9706 -4.93019e-05
theta[62]      12.1261  6.34779e-06
theta[63]      11.0289 -3.47056e-05
theta[64]      9.96551 -3.10444e-05
theta[65]      9.25347 -2.59638e-05
theta[66]      8.81889 -1.64295e-05
theta[67]      8.55876 -3.30604e-06
theta[68]      8.44147 -3.40654e-05
theta[69]      8.32887 -8.04393e-06
theta[70]      8.19203 -1.19134e-05
theta[71]      8.04449  -1.0754e-05
theta[72]       7.9031 -9.09518e-06
theta[73]      7.77118 -1.19852e-05
theta[74]      7.64913 -1.82499e-05
theta[75]      7.55962 -5.95379e-06
theta[76]      7.50778 -1.98277e-05
theta[77]     -13.8545  1.99233e-05
theta[78]     -13.9319  8.26845e-06
theta[79]     -14.0761  4.18647e-05
theta[80]     -14.2549  1.80795e-05
theta[81]     -13.7471 -2.37401e-05
theta[82]     -13.5183 -4.85517e-05
theta[83]     -14.5899  9.85052e-06
theta[84]     -15.5932  8.14194e-06
theta[85]      -16.398 -2.56502e-05
theta[86]     -17.0282  2.66287e-05
theta[87]     -17.4861 -2.45393e-05
theta[88]     -17.8321   5.4678e-06
theta[89]     -18.1059 -1.21969e-05
theta[90]     -18.3351   2.1145e-05
theta[91]     -18.5334 -8.15482e-06
theta[92]     -18.7081 -4.78066e-06
theta[93]     -18.8629 -7.61974e-06
G_pars_est[1]     0.960107 -0.000277062
G_pars_est[2]    -0.242223  0.000583346
G_pars_est[4]      -4.7214  2.84263e-05
G_pars_est[5]    -0.423254 -0.000259609
S_pars_est[5]     -3.00173 -1.86235e-06
S_pars_est[6]     -2.54748 -3.95607e-06
S_pars_est[7]     -2.28752 -7.54268e-06
S_pars_est[8]     -1.37844  9.54756e-06
S_pars_est[9]     -1.33283  5.00677e-06
S_pars_est[10]      -1.1392 -2.06083e-08
S_pars_est[11]    -0.872189 -2.23484e-06
S_pars_est[12]    -0.856616  -1.3705e-05
S_pars_est[13]    -0.983169 -1.33226e-05
S_pars_est[14]    -0.988073 -2.71201e-06
S_pars_est[15]    -0.959712 -7.18574e-07
S_pars_est[16]    -0.969553  5.43187e-06
S_pars_est[17]     -1.00283 -8.84245e-06
S_pars_est[18]    -0.923891 -5.81016e-06
S_pars_est[19]    -0.969039 -8.79063e-06
S_pars_est[20]     -1.21902 -6.69623e-06
S_pars_est[21]     -1.44965  4.17876e-06
S_pars_est[22]     -1.24648  7.62726e-07
S_pars_est[23]    -0.740972 -3.29405e-06
S_pars_est[24]    -0.542768  -6.4173e-06
S_pars_est[25]    -0.462468 -1.28836e-05
S_pars_est[26]    -0.785626  4.97831e-07
S_pars_est[27]     -4.01665  8.07924e-06
S_pars_est[28]     -2.98187 -5.48157e-06
S_pars_est[29]      -2.3707 -1.84754e-05
S_pars_est[30]     -1.66801  1.35446e-05
S_pars_est[31]     -1.48745 -2.02093e-06
S_pars_est[32]     -1.27294  1.35191e-05
S_pars_est[33]     -1.07842  2.33827e-06
S_pars_est[34]     -1.00641 -2.08102e-06
S_pars_est[35]     -1.08976  1.37916e-05
S_pars_est[36]     -1.11917  2.64206e-05
S_pars_est[37]     -1.10058 -1.80337e-06
S_pars_est[38]     -1.04954 -3.29246e-06
S_pars_est[39]    -0.997072  3.16438e-06
S_pars_est[40]    -0.779341  3.83947e-06
S_pars_est[41]    -0.540192 -4.52507e-06
S_pars_est[42]     -0.42183 -1.39074e-05
S_pars_est[43]    -0.383207  7.90575e-06
S_pars_est[44]    -0.320188  9.35625e-07
S_pars_est[45]    -0.291172  8.43015e-07
S_pars_est[46]    -0.261881  -6.9438e-07
S_pars_est[47]    -0.290528 -1.95998e-06
S_pars_est[48]    -0.479453 -9.44644e-06
S_pars_est[51]     -4.60301  1.03908e-05
S_pars_est[52]     -4.77244  2.40541e-05
S_pars_est[53]     -3.57979 -1.79501e-05
S_pars_est[54]     -1.56924  8.42661e-07
S_pars_est[55]      -1.0533  1.29744e-05
S_pars_est[56]    -0.500185 -3.08244e-06
S_pars_est[57]    -0.567137   9.2893e-08
S_pars_est[58]    -0.791284 -9.71665e-06
S_pars_est[59]    -0.864848 -2.47033e-06
S_pars_est[60]     -0.94616  1.95067e-07
S_pars_est[61]    -0.924713 -1.51709e-06
S_pars_est[62]    -0.874471  2.34881e-06
S_pars_est[63]    -0.837867  4.10468e-06
S_pars_est[64]    -0.789593  6.41608e-06
S_pars_est[65]    -0.719993  9.38536e-07
S_pars_est[66]    -0.630571  3.03533e-06
S_pars_est[67]    -0.529779  2.18642e-06
S_pars_est[68]    -0.424342  3.57339e-06
S_pars_est[69]    -0.314973   2.7711e-06
S_pars_est[70]    -0.200538 -1.65025e-06
S_pars_est[71]   -0.0842202 -1.63686e-06
S_pars_est[73]     -3.05199  1.53606e-05
S_pars_est[74]      -2.5687 -1.28016e-05
S_pars_est[75]     -2.03473 -8.90257e-06
S_pars_est[76]    -0.844897  9.25376e-06
S_pars_est[77]    -0.416119  -6.1582e-06
S_pars_est[78]     -0.27089 -4.37651e-06
S_pars_est[79]    -0.585427  9.67882e-06
S_pars_est[80]      -1.2607  2.37175e-05
S_pars_est[81]     -1.50773 -2.60429e-06
S_pars_est[82]       -1.909 -9.79169e-06
S_pars_est[83]     -1.89715  4.57694e-06
S_pars_est[84]     -1.25501 -1.10992e-05
S_pars_est[85]    -0.855055  7.37314e-07
S_pars_est[86]    -0.779424  2.26091e-06
S_pars_est[87]    -0.710843  3.12113e-06
S_pars_est[88]    -0.623437  3.74967e-06
S_pars_est[89]     -0.52423  -1.2763e-06
S_pars_est[90]    -0.419947  2.61331e-06
S_pars_est[91]    -0.311309  2.82069e-06
S_pars_est[92]    -0.197194  7.29643e-06
S_pars_est[93]   -0.0804867 -5.69219e-06
log_fbar[1]     -1.12024  0.000901037
log_fbar[2]     -5.95387  6.51979e-05
log_fdev[1](1)     -1.95122  6.56347e-05
log_fdev[1](2)     -2.20117  2.98174e-05
log_fdev[1](3)     -1.38628  3.03959e-05
log_fdev[1](4)    -0.900552 -8.21196e-05
log_fdev[1](5)    -0.656319 -8.62548e-05
log_fdev[1](6)     -0.21977  0.000174125
log_fdev[1](7)   -0.0480007  8.65604e-05
log_fdev[1](8)    0.0686786 -9.86436e-05
log_fdev[1](9)      0.93523 -0.000167388
log_fdev[1](10)     0.596898 -8.13035e-05
log_fdev[1](11)     0.835459 -1.44645e-05
log_fdev[1](12)     0.878815  0.000104184
log_fdev[1](13)     0.455847  9.11869e-05
log_fdev[1](14)     0.342157  2.33198e-05
log_fdev[1](15)      0.48897 -3.04867e-05
log_fdev[1](16)     0.650489 -5.43017e-05
log_fdev[1](17)       1.1117 -0.000145985
log_fdev[1](18)    -0.303244  0.000103748
log_fdev[1](19)    -0.372844  8.27368e-05
log_fdev[1](20)    0.0215014  0.000110698
log_fdev[1](21)    -0.138975  3.08282e-05
log_fdev[1](22)    -0.717721  1.58439e-05
log_fdev[1](23)    -0.771736  1.84608e-06
log_fdev[1](24)     -0.89015  4.95557e-05
log_fdev[1](25)    -0.438881  5.77987e-05
log_fdev[1](26)   -0.0961928 -2.75677e-05
log_fdev[1](27)    -0.245462 -1.22505e-05
log_fdev[1](28)    -0.452631 -1.68098e-05
log_fdev[1](29)     -0.45652  0.000100765
log_fdev[1](30)     0.214825  8.23798e-05
log_fdev[1](31)     0.478821  6.28131e-05
log_fdev[1](32)     0.629687  2.38917e-05
log_fdev[1](33)       1.1012  6.44377e-05
log_fdev[1](34)      1.06654  3.12992e-05
log_fdev[1](35)     0.594272 -2.10237e-05
log_fdev[1](36)     0.618099 -7.35309e-05
log_fdev[1](37)      1.09779  1.23728e-05
log_fdev[1](38)      1.41541  3.44557e-05
log_fdev[1](39)      1.05983  4.37526e-05
log_fdev[1](40)     -1.19035  0.000127206
log_fdev[1](41)      -1.2242  6.91323e-05
log_fdev[2](1)    -0.345953   9.1143e-06
log_fdev[2](2)    -0.342524  7.78345e-07
log_fdev[2](3)    -0.370987  4.99983e-06
log_fdev[2](4)    -0.439317  6.87243e-06
log_fdev[2](5)     -9.29653  1.22262e-05
log_fdev[2](6)     -5.05656 -6.51801e-07
log_fdev[2](7)      -5.3434  1.26026e-05
log_fdev[2](8)     -1.39618 -1.41387e-06
log_fdev[2](9)    -0.192128 -2.79165e-05
log_fdev[2](10)      2.33545 -3.13636e-05
log_fdev[2](11)      1.76576  2.07229e-05
log_fdev[2](12)      1.55725  2.48206e-05
log_fdev[2](13)      1.33996  2.76374e-05
log_fdev[2](14)      1.60028   4.1466e-05
log_fdev[2](15)      1.49417  4.79813e-06
log_fdev[2](16)     0.879991  6.11989e-06
log_fdev[2](17)     0.907943  2.97053e-05
log_fdev[2](18)     0.362353  1.93459e-05
log_fdev[2](19)      0.56312  2.56372e-05
log_fdev[2](20)     0.403198  1.47488e-06
log_fdev[2](21)    -0.187926  9.26288e-06
log_fdev[2](22)    -0.185433  9.63704e-06
log_fdev[2](23)    -0.117492   4.1689e-06
log_fdev[2](24)    -0.122162  8.15794e-06
log_fdev[2](25)     0.530952  1.52027e-05
log_fdev[2](26)     0.261418  1.65898e-05
log_fdev[2](27)     -0.29239    1.952e-06
log_fdev[2](28)     0.439176  3.50128e-06
log_fdev[2](29)    -0.733653  1.30501e-05
log_fdev[2](30)    -0.382257  6.30354e-06
log_fdev[2](31)    0.0505347 -3.48543e-06
log_fdev[2](32)     0.297317 -8.15608e-06
log_fdev[2](33)      1.88529 -8.34337e-06
log_fdev[2](34)      3.12892  5.96822e-06
log_fdev[2](35)    -0.505207    8.084e-06
log_fdev[2](36)      0.56834 -5.11459e-06
log_fdev[2](37)      1.96586 -1.99062e-06
log_fdev[2](38)      1.30817  7.42234e-06
log_fdev[2](39)      1.04648  5.82474e-06
log_fdev[2](40)     0.420322 -4.34865e-06
log_fdev[2](41)    -0.353841  6.02678e-06
log_fdev[2](42)     0.318053  1.22745e-05
log_fdev[2](43)     0.233628 -8.65265e-06
log_foff[1]     -6.23747  0.000868577
log_fdov[1](1)      2.22153 -9.82065e-06
log_fdov[1](2)      2.38648   -1.363e-05
log_fdov[1](3)       1.8318 -4.66586e-06
log_fdov[1](4)      1.57956 -3.84078e-05
log_fdov[1](5)      2.16509 -6.91172e-05
log_fdov[1](6)      1.58857  8.05413e-05
log_fdov[1](7)      0.63343  6.29421e-05
log_fdov[1](8)     0.260677  3.98563e-05
log_fdov[1](9)      2.71885  3.65282e-05
log_fdov[1](10)      1.12436  5.63274e-05
log_fdov[1](11)      1.37844  4.41692e-05
log_fdov[1](12)     0.594705  3.24696e-05
log_fdov[1](13)     0.746787  2.07071e-05
log_fdov[1](14)    -0.355672  4.49529e-05
log_fdov[1](15)      1.10393  4.83252e-05
log_fdov[1](16)     0.995435  3.12393e-05
log_fdov[1](17)     -1.90954  3.95371e-05
log_fdov[1](18)    -0.341376  3.70426e-05
log_fdov[1](19)      -2.3338  3.97815e-06
log_fdov[1](20)     0.258449   1.7032e-05
log_fdov[1](21)     -1.64297 -7.72758e-06
log_fdov[1](22)     -1.70718  2.29669e-05
log_fdov[1](23)    -0.918552   2.4624e-05
log_fdov[1](24)     -0.60082  1.33096e-05
log_fdov[1](25)     -2.53727  7.85958e-06
log_fdov[1](26)    -0.163405  2.49996e-05
log_fdov[1](27)    0.0647658  2.12253e-05
log_fdov[1](28)    0.0794164  1.65623e-05
log_fdov[1](29)   -0.0457231  4.38378e-06
log_fdov[1](30)      2.13673  2.51204e-05
log_fdov[1](31)     0.612076  5.29871e-05
log_fdov[1](32)      1.24701  3.45379e-05
log_fdov[1](33)      1.83418  5.50119e-05
log_fdov[1](34)     0.992483  5.79415e-05
log_fdov[1](35)     0.291758  6.12993e-05
log_fdov[1](36)    0.0989723  2.77667e-05
log_fdov[1](37)     -0.74337  3.79102e-05
log_fdov[1](38)     -1.22561  2.54083e-05
log_fdov[1](39)     -4.18508  3.22372e-05
log_fdov[1](40)     -4.74267  3.92905e-05
log_fdov[1](41)     -5.49244  7.71383e-06
rec_dev_est(1982)     0.414432 -6.26777e-05
rec_dev_est(1983)     0.232139 -0.000367868
rec_dev_est(1984)     0.975394  0.000306261
rec_dev_est(1985)      1.79755  0.000290089
rec_dev_est(1986)      0.89812  0.000102291
rec_dev_est(1987)     0.396218  0.000161607
rec_dev_est(1988)    -0.263605  0.000138745
rec_dev_est(1989)    0.0741894  7.61304e-05
rec_dev_est(1990)      0.71479  0.000200022
rec_dev_est(1991)     0.871661  0.000204771
rec_dev_est(1992)    -0.297237  4.51658e-05
rec_dev_est(1993)   -0.0446221  0.000159786
rec_dev_est(1994)     -0.77424  0.000133842
rec_dev_est(1995)     -1.06487  3.18496e-05
rec_dev_est(1996)    -0.128008  0.000118738
rec_dev_est(1997)    -0.499858  -2.1812e-06
rec_dev_est(1998)    -0.253969   5.5567e-05
rec_dev_est(1999)    -0.608493 -1.53058e-05
rec_dev_est(2000)     -1.50207 -4.98495e-06
rec_dev_est(2001)     0.011986 -2.02281e-05
rec_dev_est(2002)       1.5551  6.88354e-05
rec_dev_est(2003)    -0.157834  4.10676e-05
rec_dev_est(2004)     0.245857 -3.11101e-05
rec_dev_est(2005)    -0.611143  1.39474e-05
rec_dev_est(2006)     -1.15479  1.30713e-05
rec_dev_est(2007)    0.0656805  -0.00011964
rec_dev_est(2008)     0.628233 -0.000111659
rec_dev_est(2009)         -0.9 -2.76632e-05
rec_dev_est(2010)    -0.538048 -4.75603e-05
rec_dev_est(2011)    -0.678003 -4.92981e-05
rec_dev_est(2012)    -0.436366 -3.10172e-05
rec_dev_est(2013)    -0.683157  8.54679e-05
rec_dev_est(2014)     0.450672  0.000263413
rec_dev_est(2015)     0.178197  7.17936e-05
rec_dev_est(2016)    0.0859924  7.10402e-05
rec_dev_est(2017)     -1.30792 -5.57194e-05
rec_dev_est(2018)     -1.54528 -1.61034e-05
rec_dev_est(2019)     -1.29355  1.87446e-05
rec_dev_est(2020)     0.556732  4.71329e-05
rec_dev_est(2021)     0.424165  9.49068e-06
rec_dev_est(2022)      1.31415  4.48968e-06
rec_dev_est(2023)    -0.152625  1.70556e-05
rec_dev_est(2024)     -0.58456 -5.81767e-06
logit_rec_prop_est(1982)      2.88777  1.20405e-05
logit_rec_prop_est(1983)      1.37546  0.000269049
logit_rec_prop_est(1984)   -0.0275904 -0.000778971
logit_rec_prop_est(1985)    -0.325021  -0.00177707
logit_rec_prop_est(1986)     -3.42506  0.000385869
logit_rec_prop_est(1987)    -0.254061  0.000603819
logit_rec_prop_est(1988)      1.51321  0.000338393
logit_rec_prop_est(1989)    -0.457135  0.000462595
logit_rec_prop_est(1990)      1.58153   5.3553e-05
logit_rec_prop_est(1991)      1.15468 -0.000249959
logit_rec_prop_est(1992)     -1.02743  0.000270317
logit_rec_prop_est(1993)    -0.670665   0.00052346
logit_rec_prop_est(1994)      -1.0311  0.000568673
logit_rec_prop_est(1995)    -0.245959  0.000256192
logit_rec_prop_est(1996)    -0.525064  0.000630223
logit_rec_prop_est(1997)      3.40982  0.000147512
logit_rec_prop_est(1998)    0.0353127  0.000199443
logit_rec_prop_est(1999)     0.954822  0.000210676
logit_rec_prop_est(2000)      1.80973  0.000214013
logit_rec_prop_est(2001)      2.68267  0.000154383
logit_rec_prop_est(2002)     -1.26026 -0.000582169
logit_rec_prop_est(2003)      1.27854 -4.90886e-05
logit_rec_prop_est(2004)     0.902515  2.15805e-05
logit_rec_prop_est(2005)    -0.742889  0.000165097
logit_rec_prop_est(2006)    -0.344424  8.10253e-05
logit_rec_prop_est(2007)    -0.555147 -0.000204248
logit_rec_prop_est(2008)    -0.624174  -0.00241278
logit_rec_prop_est(2009)    -0.613997 -0.000426383
logit_rec_prop_est(2010)    -0.590786 -0.000548499
logit_rec_prop_est(2011)    -0.356343 -0.000588812
logit_rec_prop_est(2012)     -1.08004 -8.28698e-05
logit_rec_prop_est(2013)     0.287291  0.000521814
logit_rec_prop_est(2014)    0.0693139 -6.16695e-05
logit_rec_prop_est(2015)      -1.2286  0.000565914
logit_rec_prop_est(2016)     -1.12079  0.000482557
logit_rec_prop_est(2017)     -2.85192 -8.46673e-05
logit_rec_prop_est(2018)     -2.62204  1.34428e-05
logit_rec_prop_est(2019)      -1.2679  0.000335192
logit_rec_prop_est(2020)    -0.290087  0.000275186
logit_rec_prop_est(2021)     0.112688  0.000261079
logit_rec_prop_est(2022)   -0.0364703  0.000192065
logit_rec_prop_est(2023)      1.34414   0.00021573
logit_rec_prop_est(2024)      2.17546   0.00023333
