ParName   Value   Gradient
T_pars_est[3]      12.9926  0.000160577
T_pars_est[9]      9.16529  -0.00671294
T_pars_est[10]      9.18341   0.00125727
T_pars_est[11]      9.24365  -0.00137662
T_pars_est[12]      9.41767   0.00254125
T_pars_est[13]      9.97806   0.00382109
T_pars_est[14]       10.648  -0.00265968
T_pars_est[15]      11.2027   0.00378173
T_pars_est[16]       11.447   0.00701793
T_pars_est[17]      11.5403   0.00321653
T_pars_est[18]      11.5652  -0.00226798
T_pars_est[19]      11.5268  -0.00465132
T_pars_est[20]      11.2744  -0.00117464
T_pars_est[21]      10.9589  0.000115419
T_pars_est[22]      10.6901  -0.00205327
T_pars_est[23]        10.76  0.000224355
T_pars_est[24]      11.7988   0.00022753
T_pars_est[25]      11.2683 -0.000270115
T_pars_est[26]       10.284 -0.000931356
T_pars_est[27]      9.21379   -0.0036804
T_pars_est[28]      8.18146  -0.00692124
T_pars_est[29]      7.34177  0.000621838
T_pars_est[30]      6.92956  -0.00182751
T_pars_est[31]      13.7486  -0.00207534
T_pars_est[32]      13.3439    0.0099369
T_pars_est[33]      12.7407  -0.00631051
T_pars_est[34]      12.8086  -0.00729292
T_pars_est[35]       12.441  0.000933555
T_pars_est[36]      12.5483   0.00146451
T_pars_est[37]      12.2371   0.00218395
T_pars_est[38]      11.9578   0.00328995
T_pars_est[39]      11.9019   0.00372819
T_pars_est[40]      11.3871  -0.00159867
T_pars_est[41]      10.7465  -0.00526543
T_pars_est[42]      10.6467 -0.000822795
T_pars_est[43]      10.7784   0.00475489
T_pars_est[44]      9.89828   0.00261779
T_pars_est[45]      8.57177  -0.00374809
T_pars_est[46]      7.54231  0.000197739
T_pars_est[47]       6.7987   0.00309243
T_pars_est[48]      6.27515  -0.00119873
T_pars_est[49]      5.89472  -0.00396779
T_pars_est[50]      5.61461   0.00111521
T_pars_est[51]      5.42076  -0.00420641
T_pars_est[52]      5.32035   0.00167689
G_pars_est[1]    0.0638438  0.000379244
G_pars_est[2]    -0.253596  0.000122395
S_pars_est[5]     -2.52466  0.000632728
S_pars_est[6]     -2.14385  0.000506622
S_pars_est[7]      -1.8174  -0.00228454
S_pars_est[8]     -1.18575  -0.00272593
S_pars_est[9]     -1.24413  0.000389302
S_pars_est[10]     -1.12611  -0.00309662
S_pars_est[11]    -0.923157  -0.00190012
S_pars_est[12]    -0.922354   0.00032309
S_pars_est[13]      -1.0403   0.00480402
S_pars_est[14]     -1.00665  -0.00710489
S_pars_est[15]    -0.942225  -0.00213399
S_pars_est[16]    -0.896504  -0.00732488
S_pars_est[17]    -0.873444   0.00104053
S_pars_est[18]    -0.784471  0.000494409
S_pars_est[19]    -0.774815 -0.000739885
S_pars_est[20]    -0.885332   0.00176207
S_pars_est[21]    -0.733855   0.00176215
S_pars_est[22]    -0.628875 -0.000298671
S_pars_est[23]    -0.441066  -0.00242692
S_pars_est[24]    -0.288913   0.00097165
S_pars_est[25]     -0.19089   0.00403865
S_pars_est[26]    -0.226912  -0.00142725
S_pars_est[27]     -3.13303  0.000784436
S_pars_est[28]     -2.60471  0.000907636
S_pars_est[29]     -1.79482  -0.00823112
S_pars_est[30]     -1.28373  0.000858783
S_pars_est[31]     -1.11711    0.0108912
S_pars_est[32]    -0.964156 -0.000160962
S_pars_est[33]    -0.818331   0.00087601
S_pars_est[34]    -0.754412   -0.0124389
S_pars_est[35]    -0.855597  -0.00289204
S_pars_est[36]    -0.887016   0.00269995
S_pars_est[37]    -0.861185   0.00173278
S_pars_est[38]    -0.811417   0.00209241
S_pars_est[39]    -0.788186   0.00361013
S_pars_est[40]    -0.693552   0.00204093
S_pars_est[41]    -0.557646  -0.00435563
S_pars_est[42]    -0.332293  6.76042e-05
S_pars_est[43]    -0.233105  -0.00214503
S_pars_est[44]     -0.16343 -0.000599365
S_pars_est[45]    -0.134028 -0.000825651
S_pars_est[46]   -0.0967284 -0.000767835
S_pars_est[47]   -0.0570571 -0.000109224
S_pars_est[48]   -0.0445382 -3.65037e-05
log_fbar[1]     0.210705    0.0004141
log_fbar[2]      -4.5788  0.000543363
log_fdev[1](1)     -1.56926   0.00267644
log_fdev[1](2)     -1.81404  0.000705895
log_fdev[1](3)     -1.17339  -0.00063367
log_fdev[1](4)    -0.838448  -0.00187491
log_fdev[1](5)    -0.740754 -0.000192729
log_fdev[1](6)    -0.451966  -0.00107123
log_fdev[1](7)    -0.429183   -0.0015747
log_fdev[1](8)    -0.441129  1.60236e-05
log_fdev[1](9)     0.571378  0.000519419
log_fdev[1](10)      0.22539  0.000575512
log_fdev[1](11)     0.694364  -0.00116502
log_fdev[1](12)     0.894272  -0.00201792
log_fdev[1](13)     0.291932  -0.00193827
log_fdev[1](14)     0.578853  -0.00135478
log_fdev[1](15)     0.530602 -0.000157749
log_fdev[1](16)     0.340247  0.000316104
log_fdev[1](17)      1.22128  0.000977491
log_fdev[1](18)    -0.289546    0.0011343
log_fdev[1](19)    -0.395248  7.54283e-05
log_fdev[1](20)     0.185187  -0.00129539
log_fdev[1](21)     0.338675  -0.00115231
log_fdev[1](22)    -0.265107 -0.000534769
log_fdev[1](23)    -0.427044  -0.00083296
log_fdev[1](24)    -0.760113  -0.00154277
log_fdev[1](25)    -0.239153 -0.000909302
log_fdev[1](26)      0.16461  0.000621321
log_fdev[1](27)   -0.0886825  0.000697989
log_fdev[1](28)    -0.588973   0.00103732
log_fdev[1](29)    -0.574299   0.00105976
log_fdev[1](30)    -0.142808  0.000622008
log_fdev[1](31)     0.245036  0.000904532
log_fdev[1](32)     0.613514   0.00162738
log_fdev[1](33)      1.06105   0.00058718
log_fdev[1](34)      1.03243  7.78428e-05
log_fdev[1](35)     0.597232  0.000949009
log_fdev[1](36)     0.625529   0.00205121
log_fdev[1](37)      1.06642 -0.000714837
log_fdev[1](38)     0.817921 -0.000416388
log_fdev[1](39)      1.27656  3.20084e-06
log_fdev[1](40)     -0.52464 -0.000319569
log_fdev[1](41)     -0.96011  0.000189758
log_fdev[1](42)    -0.658596   0.00176089
log_fdev[2](1)    0.0350766  -0.00152943
log_fdev[2](2)    0.0114892   0.00255039
log_fdev[2](3)    -0.200982   0.00592242
log_fdev[2](4)    -0.425684    0.0055133
log_fdev[2](5)     -9.41327  0.000256264
log_fdev[2](6)     -5.33967  0.000214763
log_fdev[2](7)     -5.78737   -0.0018806
log_fdev[2](8)      -1.9562    0.0046083
log_fdev[2](9)    -0.636929  -0.00695833
log_fdev[2](10)      1.98248     0.010549
log_fdev[2](11)      1.56165  -0.00199479
log_fdev[2](12)      1.49095   -0.0103078
log_fdev[2](13)      1.14387  -0.00998767
log_fdev[2](14)      1.64011   0.00547436
log_fdev[2](15)       1.3686  -0.00477334
log_fdev[2](16)     0.568947   0.00146425
log_fdev[2](17)     0.913495   0.00535937
log_fdev[2](18)     0.288094 -0.000913697
log_fdev[2](19)     0.479682   0.00122054
log_fdev[2](20)     0.485569  -0.00692386
log_fdev[2](21)     0.137552  -0.00117589
log_fdev[2](22)     0.157961 -0.000751147
log_fdev[2](23)     0.178222  -0.00409661
log_fdev[2](24)   -0.0181186  -0.00184503
log_fdev[2](25)     0.662472  -0.00243547
log_fdev[2](26)     0.451337 -0.000702962
log_fdev[2](27)    -0.183222   0.00727318
log_fdev[2](28)     0.249398 -0.000115643
log_fdev[2](29)    -0.858058 -0.000490938
log_fdev[2](30)     -0.75008   0.00151557
log_fdev[2](31)    -0.200669   0.00253919
log_fdev[2](32)     0.201778   0.00183274
log_fdev[2](33)      1.77966  -0.00109114
log_fdev[2](34)      3.03375   0.00224914
log_fdev[2](35)    -0.579077  -0.00344547
log_fdev[2](36)     0.445905   0.00570409
log_fdev[2](37)      1.69639  -0.00614266
log_fdev[2](38)     0.773703   0.00270927
log_fdev[2](39)      1.24472  -0.00210412
log_fdev[2](40)      0.90779  -0.00180894
log_fdev[2](41)   -0.0692797   0.00547925
log_fdev[2](42)     0.564657 -0.000586549
log_fdev[2](43)     0.487953  -0.00366986
log_fdev[2](44)      1.47534   0.00281559
rec_dev_est(1982)     0.619755   0.00216532
rec_dev_est(1983)      1.01337  -0.00345267
rec_dev_est(1984)      1.76992   0.00157764
rec_dev_est(1985)      1.29406   0.00234322
rec_dev_est(1986)    -0.440714   -0.0014551
rec_dev_est(1987)     0.411353  0.000325001
rec_dev_est(1988)    -0.266766   0.00309855
rec_dev_est(1989)    -0.343864   0.00324033
rec_dev_est(1990)      1.77575  -0.00225822
rec_dev_est(1991)       1.3097   0.00196525
rec_dev_est(1992)    -0.735284   -0.0029289
rec_dev_est(1993)    -0.924944   0.00149608
rec_dev_est(1994)     -1.14407   0.00562061
rec_dev_est(1995)      -1.1607   0.00127062
rec_dev_est(1996)    -0.763355  0.000671068
rec_dev_est(1997)    -0.682675 -0.000106315
rec_dev_est(1998)    -0.328818   0.00122016
rec_dev_est(1999)     -1.10861   0.00480264
rec_dev_est(2000)      -1.5711  -0.00127324
rec_dev_est(2001)     0.617041  -0.00161257
rec_dev_est(2002)     0.347644   0.00411068
rec_dev_est(2003)     0.316892   -0.0044636
rec_dev_est(2004)     0.709815   0.00231555
rec_dev_est(2005)    -0.769598  0.000840587
rec_dev_est(2006)     -1.06921 -0.000153404
rec_dev_est(2007)     0.298059  -0.00145397
rec_dev_est(2008)     0.345684   0.00285437
rec_dev_est(2009)     -1.04719  0.000718295
rec_dev_est(2010)     -1.02407  -0.00301259
rec_dev_est(2011)    -0.992059  -0.00185845
rec_dev_est(2012)    -0.337769   0.00338691
rec_dev_est(2013)    -0.299972 -0.000307208
rec_dev_est(2014)      1.95322  -0.00193068
rec_dev_est(2015)     0.392411 -0.000857158
rec_dev_est(2016)    -0.566112   0.00180583
rec_dev_est(2017)     -1.16534  0.000673226
rec_dev_est(2018)     -1.28086  0.000323027
rec_dev_est(2019)     -1.70615  -0.00147453
rec_dev_est(2020)     0.720753 -0.000879836
rec_dev_est(2021)     0.967995  -0.00405484
rec_dev_est(2022)      1.57553  -0.00443582
rec_dev_est(2023)     0.121777   0.00510055
rec_dev_est(2024)    -0.305139  -0.00153035
rec_dev_est(2025)    -0.204644  0.000893077
