ParName   Value   Gradient
T_pars_est[3]       13.929  -0.00237502
T_pars_est[11]      9.49392  0.000973145
T_pars_est[12]      9.50886  -0.00190621
T_pars_est[13]      9.55958 -0.000304523
T_pars_est[14]      9.69475   0.00274899
T_pars_est[15]      10.2088  -0.00210093
T_pars_est[16]      10.8254  -0.00552273
T_pars_est[17]      11.3276   0.00219967
T_pars_est[18]      11.5378   0.00543899
T_pars_est[19]      11.5976  0.000974635
T_pars_est[20]      11.5933   0.00182467
T_pars_est[21]      11.5332  -0.00269242
T_pars_est[22]      11.2712  -0.00148552
T_pars_est[23]      10.9537  -0.00985252
T_pars_est[24]      10.6839  -0.00237242
T_pars_est[25]      10.7503  0.000967904
T_pars_est[26]      11.7599  0.000255968
T_pars_est[27]      11.2305 -0.000374169
T_pars_est[28]      10.2676  -0.00103761
T_pars_est[29]      9.22485   -0.0023447
T_pars_est[30]      8.22061   0.00485536
T_pars_est[31]       7.3983  -0.00252529
T_pars_est[32]      6.99391  -0.00555409
T_pars_est[33]      13.6787  -0.00388646
T_pars_est[34]      13.6524   -0.0012845
T_pars_est[35]      13.2262   0.00207921
T_pars_est[36]      13.2531   0.00358135
T_pars_est[37]      12.7993  -0.00214446
T_pars_est[38]      12.8677   0.00367958
T_pars_est[39]      12.5484   -0.0052645
T_pars_est[40]      12.2747   0.00117735
T_pars_est[41]      12.2144  9.83811e-05
T_pars_est[42]      11.6741    0.0036875
T_pars_est[43]      11.0127  -0.00166139
T_pars_est[44]      10.9121  -0.00196994
T_pars_est[45]      11.0409   0.00244879
T_pars_est[46]      10.1194  -0.00252456
T_pars_est[47]      8.77476  -0.00223133
T_pars_est[48]      7.74134   0.00111116
T_pars_est[49]      6.99387  0.000917734
T_pars_est[50]      6.46758  -0.00333676
T_pars_est[51]      6.08348  -0.00163551
T_pars_est[52]      5.79892   0.00184701
T_pars_est[53]      5.60121   0.00144112
T_pars_est[54]      5.49865  -0.00083788
T_pars_est[55]        12.21  -0.00594088
T_pars_est[56]      12.2161   0.00246008
T_pars_est[57]      12.2434   0.00739727
T_pars_est[58]      12.3382   0.00336111
T_pars_est[59]      13.3241  -0.00134764
T_pars_est[60]      13.6247 -0.000911879
T_pars_est[61]      13.1552  -0.00128623
T_pars_est[62]      12.3147  -0.00218792
T_pars_est[63]      11.2354  -0.00129254
T_pars_est[64]       10.097  -0.00218347
T_pars_est[65]      9.30767 -0.000547384
T_pars_est[66]      8.82998   0.00420764
T_pars_est[67]      8.56189  -0.00393758
T_pars_est[68]      8.48792  -0.00173322
T_pars_est[69]      8.37708   0.00563303
T_pars_est[70]       8.1771  -0.00179721
T_pars_est[71]      7.91937   0.00273567
T_pars_est[72]      7.65628  0.000911604
T_pars_est[73]      7.40358  -0.00274141
T_pars_est[74]      7.16679   0.00285224
T_pars_est[75]      7.01017   0.00158312
T_pars_est[76]      6.94195 -0.000210363
T_pars_est[77]     -13.8221 -0.000351246
T_pars_est[78]     -13.8434 -0.000120695
T_pars_est[79]      -13.906  0.000145164
T_pars_est[80]     -13.9641  0.000218867
T_pars_est[81]     -13.7194 -0.000137296
T_pars_est[82]     -13.4317   0.00109611
T_pars_est[83]     -14.3323 -0.000166288
T_pars_est[84]     -15.3854  0.000225684
T_pars_est[85]     -16.3009   6.3837e-05
T_pars_est[86]     -16.9887  -0.00030007
T_pars_est[87]     -17.4716 -0.000614323
T_pars_est[88]     -17.8139   -0.0003814
T_pars_est[89]     -18.0932  0.000555746
T_pars_est[90]     -18.3261  0.000929829
T_pars_est[91]     -18.5272 -0.000470533
T_pars_est[92]     -18.7042 -5.63448e-05
T_pars_est[93]     -18.8611 -0.000470204
log_fbar[1]    0.0635662 -0.000154466
log_fbar[2]     -4.79861 -0.000428311
log_fdev[1](1)     -1.50737   0.00122449
log_fdev[1](2)     -1.82012  0.000707686
log_fdev[1](3)     -1.18889 -0.000271338
log_fdev[1](4)    -0.835951   0.00038768
log_fdev[1](5)    -0.716369  -0.00126709
log_fdev[1](6)    -0.397853  -0.00178371
log_fdev[1](7)     -0.38174  -0.00121001
log_fdev[1](8)    -0.416497   -0.0011708
log_fdev[1](9)     0.580313 -0.000976435
log_fdev[1](10)     0.231243  0.000294607
log_fdev[1](11)     0.682432 -0.000205435
log_fdev[1](12)     0.857675 -0.000166242
log_fdev[1](13)     0.270378 -0.000134085
log_fdev[1](14)     0.541249  0.000125534
log_fdev[1](15)     0.519761 -0.000578931
log_fdev[1](16)     0.336252  0.000976739
log_fdev[1](17)      1.15656  -0.00073895
log_fdev[1](18)    -0.323925     0.001096
log_fdev[1](19)    -0.414451  0.000834032
log_fdev[1](20)     0.175563   0.00074851
log_fdev[1](21)     0.259521 -0.000574591
log_fdev[1](22)    -0.361335  0.000224988
log_fdev[1](23)    -0.495465 -0.000538939
log_fdev[1](24)    -0.758043  0.000149987
log_fdev[1](25)    -0.261981  0.000397862
log_fdev[1](26)    0.0792206  0.000195285
log_fdev[1](27)    -0.181059   0.00082755
log_fdev[1](28)     -0.66598  0.000335245
log_fdev[1](29)    -0.627015  0.000137809
log_fdev[1](30)    -0.148674   0.00102982
log_fdev[1](31)     0.241869 -0.000723999
log_fdev[1](32)     0.597264 -7.96786e-05
log_fdev[1](33)      1.02087   0.00117983
log_fdev[1](34)     0.993409 -0.000510558
log_fdev[1](35)     0.550645  -0.00123875
log_fdev[1](36)     0.424249  0.000125773
log_fdev[1](37)      1.16017 -0.000411298
log_fdev[1](38)      1.53687   0.00240826
log_fdev[1](39)      1.55571 -0.000214123
log_fdev[1](40)    -0.749864  6.45557e-05
log_fdev[1](41)     -1.51864  -0.00104924
log_fdev[2](1)     0.139105  -0.00355441
log_fdev[2](2)    0.0832056 -0.000928478
log_fdev[2](3)    -0.122812 -0.000788412
log_fdev[2](4)    -0.324265  -0.00143828
log_fdev[2](5)     -9.28995 -5.40775e-05
log_fdev[2](6)     -5.19151  -0.00350612
log_fdev[2](7)     -5.64728  0.000957637
log_fdev[2](8)     -1.84355 -0.000445814
log_fdev[2](9)    -0.543447  -0.00293789
log_fdev[2](10)      2.07279   0.00123054
log_fdev[2](11)       1.6278   -0.0039773
log_fdev[2](12)      1.52323   0.00447962
log_fdev[2](13)      1.18415   0.00380811
log_fdev[2](14)      1.67745   0.00106822
log_fdev[2](15)      1.44714  -0.00506529
log_fdev[2](16)     0.650134  -0.00113247
log_fdev[2](17)       0.9327  -0.00141953
log_fdev[2](18)     0.341545   0.00593551
log_fdev[2](19)       0.5425   0.00220401
log_fdev[2](20)     0.542901    0.0018419
log_fdev[2](21)     0.136375   0.00127917
log_fdev[2](22)         0.15  -0.00285548
log_fdev[2](23)      0.19769  -0.00136002
log_fdev[2](24)   0.00752176   0.00221922
log_fdev[2](25)     0.668813   0.00390788
log_fdev[2](26)     0.435907   0.00063017
log_fdev[2](27)    -0.182357 -0.000235622
log_fdev[2](28)     0.275937  -0.00295396
log_fdev[2](29)    -0.813092 -0.000866382
log_fdev[2](30)    -0.669365   0.00128318
log_fdev[2](31)    -0.135886   0.00379355
log_fdev[2](32)      0.23996  0.000160278
log_fdev[2](33)      1.79179  -0.00103858
log_fdev[2](34)      3.03325  -0.00209218
log_fdev[2](35)    -0.609707 -0.000257571
log_fdev[2](36)     0.181527   0.00162867
log_fdev[2](37)      1.71697   0.00124095
log_fdev[2](38)      1.33315   0.00266676
log_fdev[2](39)      1.57943  -0.00253162
log_fdev[2](40)     0.842182    0.0016842
log_fdev[2](41)    -0.288985  -0.00242857
log_fdev[2](42)     0.324342  -0.00383417
log_fdev[2](43)   -0.0173032   0.00360307
log_foff[1]     -7.28324 -0.000289583
log_fdov[1](1)      1.56563 -3.48754e-05
log_fdov[1](2)      1.78845   0.00121943
log_fdov[1](3)      1.41361  0.000356758
log_fdov[1](4)      1.29961   0.00118358
log_fdov[1](5)      2.11134   0.00255018
log_fdov[1](6)      1.60183 -0.000160282
log_fdov[1](7)     0.743544   0.00180171
log_fdov[1](8)     0.545071 -0.000414123
log_fdov[1](9)      2.92207  0.000473591
log_fdov[1](10)      1.36603  -0.00300982
log_fdov[1](11)      1.44265 -0.000930844
log_fdov[1](12)     0.592742  0.000518192
log_fdov[1](13)     0.942685  0.000666564
log_fdov[1](14)    -0.550128 -0.000342244
log_fdov[1](15)      1.01454   0.00085602
log_fdov[1](16)      1.17906   -0.0012081
log_fdov[1](17)     -2.12856   0.00293394
log_fdov[1](18)    -0.418709  -0.00161874
log_fdov[1](19)     -2.26565  -0.00129468
log_fdov[1](20)     0.162651 -0.000657714
log_fdov[1](21)     -2.03903   0.00125392
log_fdov[1](22)     -2.18145 -0.000937013
log_fdov[1](23)     -1.41031   0.00117562
log_fdov[1](24)    -0.836353   0.00105759
log_fdov[1](25)     -2.65345 -0.000227539
log_fdov[1](26)    -0.216644  0.000710805
log_fdov[1](27)     0.125645  -0.00276773
log_fdov[1](28)     0.441864 -0.000364454
log_fdov[1](29)     0.280289 -0.000269578
log_fdov[1](30)       2.4818  -0.00331713
log_fdov[1](31)     0.710988   0.00367208
log_fdov[1](32)      1.11763   0.00172653
log_fdov[1](33)      1.73461  -0.00385799
log_fdov[1](34)     0.935637   0.00129957
log_fdov[1](35)     0.310243    0.0027064
log_fdov[1](36)     0.267335  3.49605e-05
log_fdov[1](37)     -1.13333 -0.000100586
log_fdov[1](38)    -0.976064  -0.00426409
log_fdov[1](39)     -3.81498 -0.000496752
log_fdov[1](40)     -4.21569  -0.00216174
log_fdov[1](41)     -4.25719   0.00178535
rec_dev_est(1982)      0.11454   0.00398113
rec_dev_est(1983)     0.110013  -0.00171323
rec_dev_est(1984)      1.24823  0.000936728
rec_dev_est(1985)      1.74473 -8.77471e-05
rec_dev_est(1986)      1.06045  0.000275047
rec_dev_est(1987)     0.168962   0.00123911
rec_dev_est(1988)    -0.490071  -0.00160046
rec_dev_est(1989)    -0.822031   0.00394384
rec_dev_est(1990)     0.693604  -0.00247386
rec_dev_est(1991)     0.753872  0.000475646
rec_dev_est(1992)    -0.311692  -0.00294727
rec_dev_est(1993)     0.126324 -0.000148699
rec_dev_est(1994)     -0.41663  -0.00191921
rec_dev_est(1995)    -0.977996  0.000986854
rec_dev_est(1996)      -1.6067   0.00327971
rec_dev_est(1997)     -1.38365  -0.00127317
rec_dev_est(1998)    -0.583271   0.00113714
rec_dev_est(1999)    -0.663905  -0.00157162
rec_dev_est(2000)      -1.4185  -0.00198264
rec_dev_est(2001)   -0.0236783   -0.0004812
rec_dev_est(2002)      1.24646 -0.000264999
rec_dev_est(2003)    -0.605256  -0.00231697
rec_dev_est(2004)    0.0817733   0.00229038
rec_dev_est(2005)    -0.852181  0.000344672
rec_dev_est(2006)     -1.65019  -0.00377133
rec_dev_est(2007)  -0.00502228  0.000914921
rec_dev_est(2008)     0.918957   -0.0016398
rec_dev_est(2009)    -0.673351   0.00192502
rec_dev_est(2010)     -0.66989 -0.000765959
rec_dev_est(2011)    -0.483034 -4.36934e-05
rec_dev_est(2012)    -0.793058  -0.00113022
rec_dev_est(2013)    -0.594894 -0.000930608
rec_dev_est(2014)      1.11977 -0.000500778
rec_dev_est(2015)      1.43251   0.00178259
rec_dev_est(2016)      1.55528  -0.00157771
rec_dev_est(2017)    -0.532785  -0.00191115
rec_dev_est(2018)      -0.9671  -0.00071678
rec_dev_est(2019)    -0.846941  0.000438091
rec_dev_est(2020)    0.0503255   0.00048733
rec_dev_est(2021)     0.287975 -0.000352787
rec_dev_est(2022)      1.26749  0.000154678
rec_dev_est(2023)     0.218058  -0.00187792
rec_dev_est(2024)    -0.415225  -0.00142235
logit_rec_prop_est(1982)       2.6184  0.000334881
logit_rec_prop_est(1983)      2.05484 -0.000469904
logit_rec_prop_est(1984)   -0.0379805 -0.000665843
logit_rec_prop_est(1985)    -0.881309  -0.00100291
logit_rec_prop_est(1986)      -3.7661   -0.0002557
logit_rec_prop_est(1987)    0.0257528  0.000433303
logit_rec_prop_est(1988)    -0.458836 -0.000441429
logit_rec_prop_est(1989)      0.67569   0.00190148
logit_rec_prop_est(1990)      1.81152  0.000429027
logit_rec_prop_est(1991)      1.22042  0.000540853
logit_rec_prop_est(1992)     -2.11391  -0.00103445
logit_rec_prop_est(1993)     -1.57706 -0.000828344
logit_rec_prop_est(1994)     -1.74312   0.00116998
logit_rec_prop_est(1995)     -1.37404  -0.00146796
logit_rec_prop_est(1996)      3.94056   0.00268895
logit_rec_prop_est(1997)      1.09292 -0.000778118
logit_rec_prop_est(1998)    -0.180924  -0.00020465
logit_rec_prop_est(1999)     -1.07284 -0.000134613
logit_rec_prop_est(2000)     -2.25685 -0.000727314
logit_rec_prop_est(2001)     0.966998  0.000233705
logit_rec_prop_est(2002)     -1.82542  9.09734e-05
logit_rec_prop_est(2003)      3.77052  0.000809776
logit_rec_prop_est(2004)     0.749903 -0.000482512
logit_rec_prop_est(2005)     -1.07213  2.88239e-05
logit_rec_prop_est(2006)      1.21064  0.000609773
logit_rec_prop_est(2007)    -0.502359  0.000416961
logit_rec_prop_est(2008)     -1.18406  0.000755084
logit_rec_prop_est(2009)      -1.9452   0.00115127
logit_rec_prop_est(2010)     -0.65936  0.000104763
logit_rec_prop_est(2011)      -1.8472 -0.000141299
logit_rec_prop_est(2012)      1.72927   0.00128062
logit_rec_prop_est(2013)     0.592408  5.30118e-05
logit_rec_prop_est(2014)     0.985079  0.000217789
logit_rec_prop_est(2015)    -0.405989  -0.00056404
logit_rec_prop_est(2016)      -3.2988  0.000231026
logit_rec_prop_est(2017)     -2.88103   0.00115323
logit_rec_prop_est(2018)     -1.96555 -0.000485733
logit_rec_prop_est(2019)      3.27656 -0.000132709
logit_rec_prop_est(2020)     0.422065  0.000293105
logit_rec_prop_est(2021)     0.998309  0.000368713
logit_rec_prop_est(2022)     0.361249  0.000203495
logit_rec_prop_est(2023)      0.17644  0.000142094
logit_rec_prop_est(2024)      4.37052  0.000886554
