ParName   Value   Gradient
T_pars_est[3]      13.9284   0.00131925
T_pars_est[11]      9.49391   -0.0014916
T_pars_est[12]      9.50887   0.00274165
T_pars_est[13]      9.55959  0.000972358
T_pars_est[14]      9.69474   -0.0052057
T_pars_est[15]      10.2088   0.00273328
T_pars_est[16]      10.8254  -0.00116413
T_pars_est[17]      11.3276   0.00138296
T_pars_est[18]      11.5378    0.0014091
T_pars_est[19]      11.5976   0.00342162
T_pars_est[20]      11.5933  -0.00130246
T_pars_est[21]      11.5332  -0.00256535
T_pars_est[22]      11.2712 -0.000548187
T_pars_est[23]      10.9538  0.000781149
T_pars_est[24]      10.6839   0.00276696
T_pars_est[25]      10.7503  -0.00301353
T_pars_est[26]      11.7599  -0.00158479
T_pars_est[27]      11.2305  -0.00151538
T_pars_est[28]      10.2676  -0.00120284
T_pars_est[29]      9.22486  0.000963079
T_pars_est[30]      8.22061    0.0039188
T_pars_est[31]      7.39831 -0.000366212
T_pars_est[32]      6.99394 -1.59425e-05
T_pars_est[33]       13.679    -0.002945
T_pars_est[34]      13.6525 -0.000359189
T_pars_est[35]      13.2262   -0.0073194
T_pars_est[36]      13.2531   0.00976784
T_pars_est[37]      12.7993  -0.00329478
T_pars_est[38]      12.8677  -0.00274329
T_pars_est[39]      12.5484 -0.000501157
T_pars_est[40]      12.2747 -3.14498e-05
T_pars_est[41]      12.2144   0.00566542
T_pars_est[42]      11.6741   0.00120335
T_pars_est[43]      11.0127   0.00124567
T_pars_est[44]      10.9121  -0.00258982
T_pars_est[45]      11.0409   0.00199289
T_pars_est[46]      10.1194  -0.00674515
T_pars_est[47]      8.77476 -0.000137149
T_pars_est[48]      7.74134   0.00084899
T_pars_est[49]      6.99388   0.00026758
T_pars_est[50]      6.46761   0.00299797
T_pars_est[51]      6.08349   -0.0025821
T_pars_est[52]      5.79891  -0.00206232
T_pars_est[53]      5.60122   0.00525044
T_pars_est[54]      5.49865  -0.00210025
T_pars_est[55]      12.2101 -0.000141273
T_pars_est[56]      12.2162   0.00171969
T_pars_est[57]      12.2434  -0.00166888
T_pars_est[58]      12.3382  -0.00150464
T_pars_est[59]      13.3241 -0.000241616
T_pars_est[60]      13.6247 -4.42985e-05
T_pars_est[61]      13.1552 -0.000113299
T_pars_est[62]      12.3147  0.000134905
T_pars_est[63]      11.2354  0.000584159
T_pars_est[64]       10.097   -0.0015839
T_pars_est[65]      9.30766   0.00342893
T_pars_est[66]      8.82996  -0.00254508
T_pars_est[67]      8.56193 -0.000889178
T_pars_est[68]      8.48802    0.0016841
T_pars_est[69]      8.37721  0.000711601
T_pars_est[70]      8.17726  -0.00328205
T_pars_est[71]      7.91955   0.00189243
T_pars_est[72]      7.65646   0.00136364
T_pars_est[73]      7.40374  -0.00112424
T_pars_est[74]      7.16691  -0.00132865
T_pars_est[75]      7.01027  -0.00242675
T_pars_est[76]      6.94206   0.00267168
T_pars_est[77]     -13.8221  -0.00278237
T_pars_est[78]     -13.8434   0.00162231
T_pars_est[79]      -13.906     0.002891
T_pars_est[80]     -13.9641 -0.000348753
T_pars_est[81]     -13.7194  -0.00152054
T_pars_est[82]     -13.4318  -0.00152991
T_pars_est[83]     -14.3323  -0.00185629
T_pars_est[84]     -15.3854  -0.00162864
T_pars_est[85]     -16.3009   0.00263874
T_pars_est[86]     -16.9887   0.00434232
T_pars_est[87]     -17.4717  -0.00450827
T_pars_est[88]     -17.8139   0.00315862
T_pars_est[89]     -18.0932  -0.00177672
T_pars_est[90]     -18.3261   0.00120049
T_pars_est[91]     -18.5272  -0.00282621
T_pars_est[92]     -18.7042    0.0028327
T_pars_est[93]     -18.8611 -0.000851552
log_fbar[1]    0.0634352  0.000394363
log_fbar[2]     -4.79881  0.000114764
log_fdev[1](1)     -1.50724   0.00247785
log_fdev[1](2)     -1.81998   0.00182624
log_fdev[1](3)     -1.18876  -0.00119832
log_fdev[1](4)    -0.835821 -0.000723453
log_fdev[1](5)     -0.71624 -0.000840341
log_fdev[1](6)    -0.397731 -9.42263e-05
log_fdev[1](7)    -0.381608  4.87661e-05
log_fdev[1](8)    -0.416349 -2.33926e-05
log_fdev[1](9)     0.580462  0.000557908
log_fdev[1](10)     0.231379  0.000264352
log_fdev[1](11)     0.682568 -0.000153371
log_fdev[1](12)     0.857798  -0.00114626
log_fdev[1](13)     0.270517   -0.0021668
log_fdev[1](14)      0.54143  -0.00220238
log_fdev[1](15)      0.51991  3.15669e-05
log_fdev[1](16)     0.336378 -0.000109984
log_fdev[1](17)      1.15668 -0.000480833
log_fdev[1](18)    -0.323813 -0.000902398
log_fdev[1](19)    -0.414309  -0.00156435
log_fdev[1](20)     0.175677  -0.00117645
log_fdev[1](21)     0.259739  0.000621334
log_fdev[1](22)    -0.360994   0.00086919
log_fdev[1](23)    -0.495916   0.00140998
log_fdev[1](24)    -0.758478  0.000904774
log_fdev[1](25)    -0.261556  0.000216864
log_fdev[1](26)    0.0797356 -0.000175309
log_fdev[1](27)    -0.181221  0.000445935
log_fdev[1](28)    -0.666093   0.00104704
log_fdev[1](29)    -0.626989  0.000403338
log_fdev[1](30)    -0.148582 -0.000105236
log_fdev[1](31)      0.24203  0.000396366
log_fdev[1](32)     0.597448   0.00141477
log_fdev[1](33)      1.02092  0.000352837
log_fdev[1](34)     0.993517 -0.000409541
log_fdev[1](35)     0.550813 -0.000241206
log_fdev[1](36)     0.423813  -0.00011669
log_fdev[1](37)      1.16026  0.000474451
log_fdev[1](38)      1.53753  0.000382893
log_fdev[1](39)      1.55573  0.000327103
log_fdev[1](40)    -0.751063  -6.1037e-05
log_fdev[1](41)     -1.52159 -0.000371953
log_fdev[2](1)       0.1393  -0.00405095
log_fdev[2](2)    0.0834102  0.000266301
log_fdev[2](3)    -0.122607 -0.000344006
log_fdev[2](4)    -0.324053   0.00204863
log_fdev[2](5)     -9.28974  0.000182614
log_fdev[2](6)      -5.1913 -0.000206338
log_fdev[2](7)     -5.64708 -8.03557e-05
log_fdev[2](8)     -1.84332 -0.000725651
log_fdev[2](9)    -0.543213   0.00339151
log_fdev[2](10)      2.07301   0.00334183
log_fdev[2](11)      1.62802   0.00188273
log_fdev[2](12)      1.52343  -0.00457117
log_fdev[2](13)      1.18436  -0.00591483
log_fdev[2](14)      1.67769  -0.00446457
log_fdev[2](15)      1.44737 -8.63109e-05
log_fdev[2](16)     0.650335 -0.000769988
log_fdev[2](17)       0.9329  0.000373943
log_fdev[2](18)      0.34174  -0.00113763
log_fdev[2](19)     0.542727  0.000631119
log_fdev[2](20)     0.543153  -0.00369375
log_fdev[2](21)     0.136722   0.00155209
log_fdev[2](22)     0.150401   0.00240109
log_fdev[2](23)     0.197341 -0.000270596
log_fdev[2](24)   0.00708421   0.00311056
log_fdev[2](25)     0.669241   0.00338999
log_fdev[2](26)     0.436507  -0.00194918
log_fdev[2](27)    -0.182409 -4.20729e-05
log_fdev[2](28)     0.275872   0.00244898
log_fdev[2](29)    -0.813001   0.00144719
log_fdev[2](30)    -0.669196  3.17006e-05
log_fdev[2](31)    -0.135648  0.000740487
log_fdev[2](32)     0.240201   0.00054914
log_fdev[2](33)      1.79194   0.00318246
log_fdev[2](34)      3.03346  -0.00106728
log_fdev[2](35)    -0.609494  -0.00284023
log_fdev[2](36)     0.181498  0.000587453
log_fdev[2](37)      1.71762  0.000209311
log_fdev[2](38)      1.33392 -0.000100284
log_fdev[2](39)      1.57961 -2.53733e-05
log_fdev[2](40)     0.841215  0.000635566
log_fdev[2](41)    -0.291054   0.00171138
log_fdev[2](42)     0.321745  0.000487894
log_fdev[2](43)    -0.019692  -0.00245329
log_foff[1]     -7.28242 -0.000667841
log_fdov[1](1)      1.56477  -0.00327561
log_fdov[1](2)      1.78759  -0.00223779
log_fdov[1](3)      1.41275   0.00241336
log_fdov[1](4)      1.29874   0.00170904
log_fdov[1](5)      2.11045   0.00100179
log_fdov[1](6)      1.60094   0.00116156
log_fdov[1](7)     0.742739  0.000918102
log_fdov[1](8)     0.544328  0.000860971
log_fdov[1](9)      2.92133 -0.000624557
log_fdov[1](10)      1.36527 -7.56141e-05
log_fdov[1](11)      1.44184  0.000230356
log_fdov[1](12)     0.591905   0.00067924
log_fdov[1](13)     0.941771   0.00240129
log_fdov[1](14)    -0.551131   0.00193361
log_fdov[1](15)      1.01356  -0.00185223
log_fdov[1](16)      1.17812  -0.00119844
log_fdov[1](17)     -2.12943 -0.000449122
log_fdov[1](18)    -0.419495 -2.00899e-05
log_fdov[1](19)     -2.26636   0.00172146
log_fdov[1](20)     0.162873  0.000878128
log_fdov[1](21)     -2.03794 -0.000755554
log_fdov[1](22)     -2.18053  -0.00165645
log_fdov[1](23)     -1.40954  -0.00255203
log_fdov[1](24)    -0.835581 -0.000384515
log_fdov[1](25)     -2.65331  0.000823575
log_fdov[1](26)    -0.216652   0.00126082
log_fdov[1](27)     0.126171 -1.44712e-05
log_fdov[1](28)     0.442242  -0.00109599
log_fdov[1](29)     0.280378  0.000676175
log_fdov[1](30)      2.48145  0.000865505
log_fdov[1](31)     0.710291  -0.00040691
log_fdov[1](32)       1.1169  -0.00230377
log_fdov[1](33)      1.73422 -0.000347464
log_fdov[1](34)     0.935321  0.000195407
log_fdov[1](35)     0.309794 -1.90481e-05
log_fdov[1](36)     0.267315 -0.000251243
log_fdov[1](37)     -1.13085 -0.000556794
log_fdov[1](38)    -0.973875  -0.00016813
log_fdov[1](39)      -3.8121  -0.00058988
log_fdov[1](40)     -4.21153  0.000484812
log_fdov[1](41)     -4.25473   0.00133424
rec_dev_est(1982)     0.114981   0.00102223
rec_dev_est(1983)     0.110594   0.00102894
rec_dev_est(1984)      1.24881  -0.00160487
rec_dev_est(1985)      1.74523    0.0002152
rec_dev_est(1986)      1.06072  0.000128501
rec_dev_est(1987)     0.169951 -2.64298e-05
rec_dev_est(1988)    -0.489337   0.00286821
rec_dev_est(1989)    -0.821274   0.00209434
rec_dev_est(1990)     0.694266 -0.000990845
rec_dev_est(1991)     0.754591 -5.94441e-05
rec_dev_est(1992)    -0.311087   0.00503834
rec_dev_est(1993)     0.127036  -0.00096818
rec_dev_est(1994)    -0.416123   0.00107634
rec_dev_est(1995)    -0.978561   0.00178386
rec_dev_est(1996)     -1.60488  -0.00458011
rec_dev_est(1997)     -1.38721   0.00269803
rec_dev_est(1998)    -0.586412  -0.00303864
rec_dev_est(1999)    -0.665696   0.00196146
rec_dev_est(2000)     -1.41723  -0.00157802
rec_dev_est(2001)   -0.0220997  0.000187038
rec_dev_est(2002)      1.24599 -0.000771231
rec_dev_est(2003)    -0.606238  -0.00247303
rec_dev_est(2004)    0.0827175  0.000747217
rec_dev_est(2005)    -0.852033  0.000559781
rec_dev_est(2006)     -1.64949  -0.00192843
rec_dev_est(2007)  -0.00460263  -0.00132508
rec_dev_est(2008)     0.919741  0.000689289
rec_dev_est(2009)    -0.671763 -0.000618137
rec_dev_est(2010)    -0.671309   -0.0010866
rec_dev_est(2011)    -0.482916   0.00262557
rec_dev_est(2012)    -0.793174 -0.000875883
rec_dev_est(2013)     -0.59348 -0.000421407
rec_dev_est(2014)      1.11988 -0.000238955
rec_dev_est(2015)      1.42841 -0.000362565
rec_dev_est(2016)        1.553  2.85252e-05
rec_dev_est(2017)     -0.53751 -0.000173787
rec_dev_est(2018)    -0.969176  0.000135926
rec_dev_est(2019)    -0.844388  0.000175862
rec_dev_est(2020)    0.0511223  0.000492684
rec_dev_est(2021)     0.289358  -0.00328705
rec_dev_est(2022)       1.2685  -9.6291e-05
rec_dev_est(2023)     0.218279 -0.000388542
rec_dev_est(2024)    -0.414856   0.00021898
