ParName   Value   Gradient
T_pars_est[3]      13.9289 -0.000390183
T_pars_est[11]      9.49392   2.3581e-06
T_pars_est[12]      9.50887 -4.46113e-06
T_pars_est[13]       9.5596 -2.30457e-06
T_pars_est[14]      9.69476  4.56043e-06
T_pars_est[15]      10.2088 -3.10017e-06
T_pars_est[16]      10.8254 -1.09738e-06
T_pars_est[17]      11.3276  3.66224e-06
T_pars_est[18]      11.5378  1.83255e-06
T_pars_est[19]      11.5976   2.6809e-06
T_pars_est[20]      11.5933  2.25237e-06
T_pars_est[21]      11.5332  1.91997e-08
T_pars_est[22]      11.2712  8.33562e-06
T_pars_est[23]      10.9537 -3.18862e-06
T_pars_est[24]      10.6839   4.8678e-07
T_pars_est[25]      10.7503 -1.83047e-06
T_pars_est[26]      11.7599 -4.51383e-05
T_pars_est[27]      11.2305 -8.89476e-05
T_pars_est[28]      10.2676 -6.37007e-05
T_pars_est[29]      9.22485 -1.51865e-05
T_pars_est[30]       8.2206 -1.09148e-05
T_pars_est[31]      7.39831  4.77175e-06
T_pars_est[32]      6.99393  2.10066e-07
T_pars_est[33]      13.6789 -2.04267e-05
T_pars_est[34]      13.6525 -3.78521e-05
T_pars_est[35]      13.2262 -2.30972e-05
T_pars_est[36]      13.2531  -2.8537e-05
T_pars_est[37]      12.7993 -2.91217e-05
T_pars_est[38]      12.8677 -7.86144e-06
T_pars_est[39]      12.5484 -7.82298e-06
T_pars_est[40]      12.2747 -1.12945e-05
T_pars_est[41]      12.2144 -3.68593e-06
T_pars_est[42]      11.6741 -8.74687e-06
T_pars_est[43]      11.0127 -4.86237e-06
T_pars_est[44]      10.9122 -8.99855e-06
T_pars_est[45]      11.0409 -3.44209e-05
T_pars_est[46]      10.1194 -2.01024e-05
T_pars_est[47]      8.77477  -8.1419e-08
T_pars_est[48]      7.74134 -1.93932e-06
T_pars_est[49]      6.99388 -4.43274e-06
T_pars_est[50]       6.4676 -2.00533e-07
T_pars_est[51]      6.08349 -6.71359e-06
T_pars_est[52]      5.79891 -2.64328e-06
T_pars_est[53]       5.6012  3.99029e-06
T_pars_est[54]      5.49865 -4.50326e-06
T_pars_est[55]        12.21  2.08742e-06
T_pars_est[56]      12.2161  -2.1059e-06
T_pars_est[57]      12.2433   5.2429e-06
T_pars_est[58]      12.3381   2.7423e-06
T_pars_est[59]      13.3241  8.56455e-06
T_pars_est[60]      13.6247 -6.40204e-06
T_pars_est[61]      13.1552  -3.4345e-05
T_pars_est[62]      12.3147 -0.000107413
T_pars_est[63]      11.2354 -0.000112286
T_pars_est[64]       10.097 -6.66745e-05
T_pars_est[65]      9.30768 -3.55295e-05
T_pars_est[66]      8.82998 -3.07129e-05
T_pars_est[67]      8.56191 -3.28107e-05
T_pars_est[68]      8.48793 -2.91706e-05
T_pars_est[69]      8.37707 -2.70602e-05
T_pars_est[70]      8.17711 -3.81604e-05
T_pars_est[71]      7.91938   -1.868e-05
T_pars_est[72]      7.65631 -2.60872e-05
T_pars_est[73]      7.40362 -2.28752e-05
T_pars_est[74]      7.16683 -1.30724e-05
T_pars_est[75]      7.01021 -1.24686e-05
T_pars_est[76]      6.94199 -1.55135e-05
T_pars_est[77]      -13.822   -2.337e-06
T_pars_est[78]     -13.8434 -7.17494e-07
T_pars_est[79]      -13.906 -2.90323e-06
T_pars_est[80]     -13.9641 -7.58036e-08
T_pars_est[81]     -13.7194 -1.31488e-06
T_pars_est[82]     -13.4318  6.03018e-06
T_pars_est[83]     -14.3323  2.84099e-06
T_pars_est[84]     -15.3854 -2.30743e-07
T_pars_est[85]     -16.3009 -5.43529e-07
T_pars_est[86]     -16.9887  1.12712e-07
T_pars_est[87]     -17.4716 -2.31993e-07
T_pars_est[88]     -17.8139  4.97533e-06
T_pars_est[89]     -18.0932 -7.80269e-07
T_pars_est[90]     -18.3261  2.63312e-06
T_pars_est[91]     -18.5272 -5.80069e-07
T_pars_est[92]     -18.7042  1.86916e-06
T_pars_est[93]     -18.8611 -7.04009e-07
G_pars_est[1]    0.0230914 -0.000164522
G_pars_est[2]    -0.254824  0.000389534
G_pars_est[4]     -4.76931  2.30231e-05
G_pars_est[5]    -0.424901 -9.96075e-05
M_pars_est[1]     0.291684  2.13237e-05
M_pars_est[2]      1.37308   8.1432e-06
M_pars_est[3]      1.81583   1.5325e-05
M_pars_est[5]    -0.330627  2.15336e-05
M_pars_est[7]      2.15407  0.000106443
M_pars_est[9]     0.265338  4.90153e-05
M_pars_est[10]    -0.193569 -2.64196e-06
M_pars_est[11]      1.31704 -2.31735e-05
M_pars_est[13]     0.539294   1.4373e-05
M_pars_est[14]      1.76786 -2.19604e-05
M_pars_est[15]      1.57503   -2.039e-05
S_pars_est[1]      4.67182  0.000782898
S_pars_est[2]       1.6649 -0.000116713
S_pars_est[3]      4.82322 -0.000190159
S_pars_est[4]       2.4022  0.000164432
S_pars_est[5]     -2.95572  7.18239e-07
S_pars_est[6]     -2.55545 -2.78684e-06
S_pars_est[7]     -2.22678  3.47119e-06
S_pars_est[8]     -1.46175 -1.01119e-06
S_pars_est[9]     -1.50748  2.24476e-07
S_pars_est[10]     -1.32718 -3.81499e-06
S_pars_est[11]     -1.07038  1.40801e-06
S_pars_est[12]     -1.04002  1.21251e-06
S_pars_est[13]     -1.12942  -1.5449e-06
S_pars_est[14]      -1.0688  1.47922e-06
S_pars_est[15]    -0.985677  9.72501e-07
S_pars_est[16]    -0.930093 -4.10949e-07
S_pars_est[17]    -0.898727 -7.27855e-07
S_pars_est[18]    -0.802942  4.84874e-07
S_pars_est[19]    -0.792788  4.05908e-07
S_pars_est[20]    -0.888726 -1.88332e-06
S_pars_est[21]    -0.750379 -1.55307e-06
S_pars_est[22]    -0.653628  -3.9915e-06
S_pars_est[23]    -0.460421  1.46148e-06
S_pars_est[24]    -0.298951 -2.02934e-06
S_pars_est[25]    -0.196711   1.6704e-07
S_pars_est[26]    -0.234472  9.32828e-07
S_pars_est[27]     -3.86058  9.85075e-06
S_pars_est[28]      -3.0378 -4.30342e-06
S_pars_est[29]     -2.37248  -1.3661e-06
S_pars_est[30]     -1.67664  3.33037e-06
S_pars_est[31]     -1.48312 -6.10905e-06
S_pars_est[32]     -1.31876  3.98602e-06
S_pars_est[33]     -1.12202   1.5098e-06
S_pars_est[34]     -1.02469  -1.9529e-06
S_pars_est[35]     -1.05932   1.6022e-06
S_pars_est[36]      -1.0549   1.2819e-06
S_pars_est[37]     -1.00889 -1.98075e-06
S_pars_est[38]    -0.933704  5.75954e-06
S_pars_est[39]     -0.88545  5.23633e-06
S_pars_est[40]     -0.76799 -3.18179e-07
S_pars_est[41]    -0.611416  4.85785e-07
S_pars_est[42]     -0.36487   1.7171e-06
S_pars_est[43]    -0.259742  1.88368e-06
S_pars_est[44]    -0.187727 -2.07856e-07
S_pars_est[45]     -0.16183  2.44541e-07
S_pars_est[46]    -0.124113 -1.28387e-07
S_pars_est[47]   -0.0854373  1.12363e-06
S_pars_est[48]   -0.0837048 -1.39304e-06
S_pars_est[49]      4.20457  0.000616672
S_pars_est[50]      1.01648 -7.45994e-05
S_pars_est[51]     -5.99094 -3.56418e-07
S_pars_est[52]     -5.44673   2.3596e-06
S_pars_est[53]     -4.26522  1.06252e-05
S_pars_est[54]     -2.19457 -4.62626e-06
S_pars_est[55]     -1.33107 -2.10459e-06
S_pars_est[56]     -0.59261   5.6833e-07
S_pars_est[57]    -0.532689  2.83087e-06
S_pars_est[58]     -0.74368  -4.0426e-06
S_pars_est[59]    -0.805173 -7.14102e-07
S_pars_est[60]    -0.920436  2.50659e-07
S_pars_est[61]    -0.916335  4.61546e-06
S_pars_est[62]    -0.872077 -3.01185e-06
S_pars_est[63]    -0.838477 -1.11644e-06
S_pars_est[64]    -0.790983  2.84844e-06
S_pars_est[65]    -0.721222  1.86141e-06
S_pars_est[66]    -0.630947  8.15908e-07
S_pars_est[67]    -0.529351 -1.68986e-06
S_pars_est[68]    -0.423484 -1.02638e-06
S_pars_est[69]    -0.313977  -5.2585e-06
S_pars_est[70]    -0.199474  8.01086e-08
S_pars_est[71]   -0.0829823  6.25824e-07
S_pars_est[73]     -4.57778 -8.24222e-06
S_pars_est[74]     -3.69406 -2.44323e-05
S_pars_est[75]     -3.05146 -8.79235e-07
S_pars_est[76]     -1.18757  2.55874e-06
S_pars_est[77]    -0.588328  1.15493e-05
S_pars_est[78]    -0.188915  4.01885e-06
S_pars_est[79]    -0.264434 -1.60699e-06
S_pars_est[80]     -0.88659 -3.46961e-06
S_pars_est[81]     -1.03984 -1.45118e-06
S_pars_est[82]     -1.25632 -1.77301e-06
S_pars_est[83]     -1.37705 -2.41437e-06
S_pars_est[84]     -1.02664 -2.34205e-06
S_pars_est[85]    -0.833311  1.26169e-06
S_pars_est[86]    -0.778137  1.15811e-06
S_pars_est[87]    -0.710736   1.8963e-06
S_pars_est[88]    -0.623407  7.00259e-07
S_pars_est[89]    -0.524223 -4.48742e-07
S_pars_est[90]    -0.419957 -2.64025e-06
S_pars_est[91]    -0.311331 -3.36737e-06
S_pars_est[92]    -0.197224 -5.94884e-07
S_pars_est[93]    -0.080527 -6.55671e-07
S_pars_est[95]      4.59842 -0.000167402
S_pars_est[96]     0.232832 -5.40803e-06
log_fbar[1]    0.0615752 -0.000853742
log_fbar[2]     -4.79225  0.000248006
log_fdev[1](1)     -1.50538 -0.000105075
log_fdev[1](2)     -1.81813 -8.00362e-05
log_fdev[1](3)      -1.1869 -8.05156e-05
log_fdev[1](4)    -0.833957 -8.32667e-05
log_fdev[1](5)    -0.714372 -6.81576e-05
log_fdev[1](6)    -0.395856 -7.22438e-05
log_fdev[1](7)     -0.37973 -5.54748e-05
log_fdev[1](8)    -0.414469  2.00582e-05
log_fdev[1](9)     0.582346 -1.26827e-06
log_fdev[1](10)     0.233261 -2.08769e-05
log_fdev[1](11)     0.684455 -3.86542e-05
log_fdev[1](12)     0.859698 -3.63177e-05
log_fdev[1](13)     0.272446 -1.07617e-05
log_fdev[1](14)     0.543462  -6.5488e-06
log_fdev[1](15)     0.521994 -1.61245e-06
log_fdev[1](16)     0.338415  -1.6677e-05
log_fdev[1](17)      1.15886  1.01747e-05
log_fdev[1](18)    -0.321628 -1.53044e-06
log_fdev[1](19)    -0.412192 -1.45007e-05
log_fdev[1](20)     0.177574 -7.24748e-06
log_fdev[1](21)     0.260376  4.43594e-06
log_fdev[1](22)    -0.363699 -6.19898e-06
log_fdev[1](23)    -0.502199 -1.21248e-05
log_fdev[1](24)    -0.775469 -7.79044e-05
log_fdev[1](25)    -0.270315 -0.000105622
log_fdev[1](26)    0.0799245  -4.1137e-05
log_fdev[1](27)    -0.178968 -6.79285e-05
log_fdev[1](28)    -0.664106 -7.59291e-05
log_fdev[1](29)     -0.62512 -3.25144e-05
log_fdev[1](30)    -0.146708 -3.01984e-05
log_fdev[1](31)     0.243853  2.45666e-05
log_fdev[1](32)      0.59912 -2.91849e-05
log_fdev[1](33)      1.02265 -1.94084e-05
log_fdev[1](34)     0.994808 -2.88905e-05
log_fdev[1](35)      0.55121 -4.63883e-05
log_fdev[1](36)     0.421233  1.37105e-05
log_fdev[1](37)       1.1586 -5.13603e-05
log_fdev[1](38)      1.53951 -1.00398e-05
log_fdev[1](39)      1.55421  4.86858e-05
log_fdev[1](40)    -0.758048 -1.07108e-05
log_fdev[1](41)     -1.53076 -0.000115479
log_fdev[2](1)     0.132755  2.26213e-06
log_fdev[2](2)    0.0768491  1.68842e-06
log_fdev[2](3)    -0.129165  3.37734e-06
log_fdev[2](4)    -0.330615  2.89976e-06
log_fdev[2](5)     -9.29629  5.17312e-07
log_fdev[2](6)     -5.19785  9.89223e-07
log_fdev[2](7)     -5.65362 -1.71556e-06
log_fdev[2](8)     -1.84986  5.40163e-06
log_fdev[2](9)    -0.549746  1.51237e-05
log_fdev[2](10)      2.06648  1.82538e-05
log_fdev[2](11)       1.6215  1.52853e-05
log_fdev[2](12)      1.51693  2.30984e-05
log_fdev[2](13)      1.17789  1.32726e-05
log_fdev[2](14)      1.67129  1.35026e-05
log_fdev[2](15)      1.44103  1.54044e-05
log_fdev[2](16)     0.644021  1.72119e-05
log_fdev[2](17)      0.92669  1.79866e-05
log_fdev[2](18)     0.335482  1.71514e-05
log_fdev[2](19)      0.53637  5.41962e-06
log_fdev[2](20)     0.536437  1.40476e-05
log_fdev[2](21)     0.128716  2.72172e-06
log_fdev[2](22)     0.139645  2.99933e-06
log_fdev[2](23)      0.18356  3.72622e-06
log_fdev[2](24)    0.0281473 -6.30045e-06
log_fdev[2](25)     0.698442 -1.30902e-05
log_fdev[2](26)     0.440012  -8.0901e-06
log_fdev[2](27)     -0.18862 -6.09726e-06
log_fdev[2](28)     0.269445  1.38828e-06
log_fdev[2](29)    -0.819591  8.19004e-06
log_fdev[2](30)    -0.675794  1.16693e-05
log_fdev[2](31)    -0.142252   1.6218e-05
log_fdev[2](32)     0.237947  1.02546e-05
log_fdev[2](33)      1.78582   9.2274e-06
log_fdev[2](34)      3.02803  1.49597e-05
log_fdev[2](35)    -0.617102  2.00215e-05
log_fdev[2](36)     0.280159  1.86431e-05
log_fdev[2](37)      1.73567  2.39861e-06
log_fdev[2](38)      1.32616 -2.99285e-06
log_fdev[2](39)      1.56932  2.91387e-06
log_fdev[2](40)     0.855559 -4.33952e-06
log_fdev[2](41)    -0.304185 -7.67858e-06
log_fdev[2](42)     0.309543 -1.53506e-06
log_fdev[2](43)    0.0547998  2.85423e-06
log_foff[1]      -7.2813 -0.000377687
log_fdov[1](1)      1.56369  -5.5436e-05
log_fdov[1](2)      1.78651 -4.09018e-05
log_fdov[1](3)      1.41167 -7.06323e-05
log_fdov[1](4)      1.29765 -6.37403e-05
log_fdov[1](5)      2.10936 -5.46427e-05
log_fdov[1](6)      1.59984 -3.21941e-05
log_fdov[1](7)     0.741622 -1.72747e-05
log_fdov[1](8)     0.543179 -3.02079e-06
log_fdov[1](9)      2.92016 -1.72028e-05
log_fdov[1](10)      1.36409 -2.93637e-05
log_fdov[1](11)      1.44067 -2.94037e-05
log_fdov[1](12)     0.590732 -4.51238e-05
log_fdov[1](13)     0.940587 -2.75808e-05
log_fdov[1](14)    -0.552407 -2.66347e-05
log_fdov[1](15)      1.01224  -2.1988e-05
log_fdov[1](16)      1.17684  -3.8286e-06
log_fdov[1](17)     -2.13089 -1.61043e-06
log_fdov[1](18)    -0.421034 -1.73264e-05
log_fdov[1](19)     -2.26793 -2.38992e-05
log_fdov[1](20)     0.160688 -2.02935e-05
log_fdov[1](21)     -2.03979 -1.69686e-05
log_fdov[1](22)     -2.17906 -9.97128e-06
log_fdov[1](23)     -1.40368 -1.44085e-05
log_fdov[1](24)    -0.818934 -4.53376e-06
log_fdov[1](25)     -2.64509  4.62731e-07
log_fdov[1](26)     -0.21734  7.96325e-06
log_fdov[1](27)     0.123548 -3.28143e-06
log_fdov[1](28)     0.439969 -1.06225e-05
log_fdov[1](29)     0.278355 -1.49067e-05
log_fdov[1](30)      2.47982 -1.17706e-05
log_fdov[1](31)     0.708994 -1.74517e-05
log_fdov[1](32)      1.11576 -2.35435e-05
log_fdov[1](33)      1.73284 -1.72211e-05
log_fdov[1](34)     0.934261 -9.09673e-06
log_fdov[1](35)     0.309661 -3.07602e-05
log_fdov[1](36)     0.270298 -1.33319e-05
log_fdov[1](37)     -1.13185 -1.78871e-05
log_fdov[1](38)    -0.978796   6.5215e-06
log_fdov[1](39)     -3.81357  1.88215e-05
log_fdov[1](40)     -4.20752  1.69206e-05
log_fdov[1](41)     -4.24514 -1.52896e-06
rec_dev_est(1982)     0.114532  1.78247e-05
rec_dev_est(1983)     0.110097  9.58726e-05
rec_dev_est(1984)       1.2483  8.91702e-05
rec_dev_est(1985)      1.74473  0.000138722
rec_dev_est(1986)      1.06036 -5.79852e-05
rec_dev_est(1987)      0.16944  0.000112149
rec_dev_est(1988)    -0.489875  3.03031e-05
rec_dev_est(1989)    -0.821902  3.20298e-05
rec_dev_est(1990)     0.693598  7.07245e-05
rec_dev_est(1991)     0.753962  0.000120226
rec_dev_est(1992)    -0.311559  9.25821e-06
rec_dev_est(1993)     0.126454 -3.34021e-05
rec_dev_est(1994)    -0.416502  2.84337e-05
rec_dev_est(1995)    -0.977941 -2.59368e-05
rec_dev_est(1996)     -1.60521 -8.60207e-05
rec_dev_est(1997)     -1.38206 -8.10963e-05
rec_dev_est(1998)    -0.577265 -0.000277971
rec_dev_est(1999)     -0.66371   -0.0001058
rec_dev_est(2000)     -1.41896 -2.66379e-05
rec_dev_est(2001)   -0.0282915 -0.000267477
rec_dev_est(2002)      1.24722 -0.000113369
rec_dev_est(2003)    -0.605781 -1.47071e-05
rec_dev_est(2004)    0.0820392  5.22553e-05
rec_dev_est(2005)    -0.852205 -2.06972e-05
rec_dev_est(2006)     -1.64991   1.1243e-05
rec_dev_est(2007)  -0.00484719  6.39859e-07
rec_dev_est(2008)     0.919074  1.97005e-06
rec_dev_est(2009)     -0.67326  1.07135e-05
rec_dev_est(2010)    -0.669488  0.000118134
rec_dev_est(2011)    -0.482079  2.98435e-05
rec_dev_est(2012)    -0.793069  6.81477e-05
rec_dev_est(2013)    -0.594846  3.40673e-05
rec_dev_est(2014)        1.119 -6.02378e-05
rec_dev_est(2015)      1.43737 -7.37646e-05
rec_dev_est(2016)       1.5563 -1.47675e-06
rec_dev_est(2017)    -0.532246 -1.32358e-05
rec_dev_est(2018)    -0.966532  2.82492e-06
rec_dev_est(2019)    -0.856785 -2.02977e-05
rec_dev_est(2020)    0.0477245 -5.81234e-05
rec_dev_est(2021)     0.288036  2.00265e-05
rec_dev_est(2022)      1.26683  3.81713e-06
rec_dev_est(2023)     0.217532 -2.74349e-06
rec_dev_est(2024)     -0.41593 -2.30167e-06
logit_rec_prop_est(1982)      2.61798  5.50932e-05
logit_rec_prop_est(1983)      2.05454  4.98406e-06
logit_rec_prop_est(1984)    -0.038071  0.000683252
logit_rec_prop_est(1985)    -0.881167    0.0012021
logit_rec_prop_est(1986)     -3.76682  2.67627e-05
logit_rec_prop_est(1987)    0.0250402  0.000327554
logit_rec_prop_est(1988)    -0.459182  0.000161085
logit_rec_prop_est(1989)     0.674238   2.8076e-06
logit_rec_prop_est(1990)      1.81088  9.30449e-06
logit_rec_prop_est(1991)       1.2199  0.000197194
logit_rec_prop_est(1992)     -2.11495  6.88689e-05
logit_rec_prop_est(1993)     -1.57689 -2.56955e-05
logit_rec_prop_est(1994)     -1.74354  0.000295076
logit_rec_prop_est(1995)     -1.37327 -6.11968e-05
logit_rec_prop_est(1996)      3.92949 -8.88951e-05
logit_rec_prop_est(1997)       1.0957 -0.000378742
logit_rec_prop_est(1998)    -0.166289 -0.000664131
logit_rec_prop_est(1999)     -1.07314 -0.000795141
logit_rec_prop_est(2000)     -2.27197 -0.000213154
logit_rec_prop_est(2001)     0.959265  -0.00042634
logit_rec_prop_est(2002)     -1.81965 -0.000717227
logit_rec_prop_est(2003)      3.74799 -4.39229e-05
logit_rec_prop_est(2004)     0.750026  0.000166338
logit_rec_prop_est(2005)      -1.0729    5.237e-05
logit_rec_prop_est(2006)      1.20911  2.55458e-05
logit_rec_prop_est(2007)    -0.502416 -4.76786e-05
logit_rec_prop_est(2008)     -1.18391   0.00018921
logit_rec_prop_est(2009)     -1.94703  6.19793e-05
logit_rec_prop_est(2010)     -0.65867  0.000494307
logit_rec_prop_est(2011)     -1.83771  0.000254342
logit_rec_prop_est(2012)      1.72487  6.64761e-05
logit_rec_prop_est(2013)     0.592357  3.84586e-05
logit_rec_prop_est(2014)      0.98356 -0.000136478
logit_rec_prop_est(2015)    -0.394596 -0.000577324
logit_rec_prop_est(2016)     -3.27591 -0.000129368
logit_rec_prop_est(2017)     -2.86476  -0.00011427
logit_rec_prop_est(2018)     -1.94368 -6.84117e-05
logit_rec_prop_est(2019)      3.26065 -0.000345446
logit_rec_prop_est(2020)     0.417309  0.000124973
logit_rec_prop_est(2021)      0.99812 -8.89084e-05
logit_rec_prop_est(2022)      0.35988  9.62009e-05
logit_rec_prop_est(2023)     0.174108 -3.28879e-05
logit_rec_prop_est(2024)      4.36152 -4.19902e-05
