ParName   Value   Gradient
T_pars_est[3]      13.9288 -0.000122629
T_pars_est[11]       9.4939  -0.00045736
T_pars_est[12]      9.50884   0.00126638
T_pars_est[13]      9.55955  -0.00115003
T_pars_est[14]      9.69471  0.000332626
T_pars_est[15]      10.2088  0.000208014
T_pars_est[16]      10.8253 -0.000347238
T_pars_est[17]      11.3276  -0.00101945
T_pars_est[18]      11.5377   0.00194857
T_pars_est[19]      11.5976 -0.000255232
T_pars_est[20]      11.5933 -0.000367808
T_pars_est[21]      11.5331  4.11474e-06
T_pars_est[22]      11.2711 -0.000775101
T_pars_est[23]      10.9536  -0.00014434
T_pars_est[24]      10.6838  0.000983289
T_pars_est[25]      10.7503  0.000257019
T_pars_est[26]        11.76  8.92133e-05
T_pars_est[27]      11.2306  0.000193025
T_pars_est[28]      10.2677  0.000190799
T_pars_est[29]      9.22488 -0.000662551
T_pars_est[30]      8.22064 -0.000440953
T_pars_est[31]      7.39836 -1.48949e-06
T_pars_est[32]      6.99398  0.000411939
T_pars_est[33]      13.6788 -0.000869572
T_pars_est[34]      13.6525  5.26521e-05
T_pars_est[35]      13.2262 -0.000279688
T_pars_est[36]      13.2532  -0.00126055
T_pars_est[37]      12.7995  0.000203482
T_pars_est[38]      12.8678   0.00211069
T_pars_est[39]      12.5487  -0.00124727
T_pars_est[40]      12.2748 -0.000615805
T_pars_est[41]      12.2145 -0.000372916
T_pars_est[42]      11.6745 -0.000885608
T_pars_est[43]      11.0131 -0.000142562
T_pars_est[44]      10.9123    0.0012556
T_pars_est[45]      11.0411 -0.000391184
T_pars_est[46]      10.1199   0.00022707
T_pars_est[47]      8.77523 -0.000226524
T_pars_est[48]      7.74169  0.000546047
T_pars_est[49]      6.99414 -0.000134176
T_pars_est[50]      6.46781 -0.000536625
T_pars_est[51]      6.08366 -0.000152452
T_pars_est[52]      5.79906  0.000279215
T_pars_est[53]      5.60134  0.000193263
T_pars_est[54]      5.49877 -0.000135364
T_pars_est[55]      12.2102 -0.000688449
T_pars_est[56]      12.2163    0.0013984
T_pars_est[57]      12.2435  -0.00111211
T_pars_est[58]      12.3382 -0.000616192
T_pars_est[59]      13.3241  0.000212514
T_pars_est[60]      13.6247  0.000260099
T_pars_est[61]      13.1552  0.000245506
T_pars_est[62]      12.3147  0.000761239
T_pars_est[63]      11.2354   0.00209632
T_pars_est[64]       10.097  -0.00312607
T_pars_est[65]      9.30765  6.01863e-05
T_pars_est[66]      8.82995 -0.000147658
T_pars_est[67]      8.56188 -0.000284012
T_pars_est[68]      8.48791  -0.00101307
T_pars_est[69]      8.37706  0.000264383
T_pars_est[70]      8.17707 -0.000906532
T_pars_est[71]      7.91933 -0.000578824
T_pars_est[72]      7.65623   0.00117384
T_pars_est[73]      7.40352  0.000508526
T_pars_est[74]      7.16672 -0.000506204
T_pars_est[75]      7.01009  0.000290051
T_pars_est[76]      6.94187 -0.000260434
T_pars_est[77]      -13.822  0.000154832
T_pars_est[78]     -13.8433  4.88711e-05
T_pars_est[79]      -13.906 -0.000263711
T_pars_est[80]      -13.964 -4.10103e-05
T_pars_est[81]     -13.7194  2.58902e-05
T_pars_est[82]     -13.4317  1.66076e-05
T_pars_est[83]     -14.3323 -0.000418951
T_pars_est[84]     -15.3854 -9.95934e-05
T_pars_est[85]     -16.3009  0.000124096
T_pars_est[86]     -16.9887   0.00023357
T_pars_est[87]     -17.4717  7.03703e-05
T_pars_est[88]     -17.8139 -0.000123814
T_pars_est[89]     -18.0932  2.50042e-05
T_pars_est[90]     -18.3261  0.000216511
T_pars_est[91]     -18.5272  -0.00025387
T_pars_est[92]     -18.7042  6.27352e-05
T_pars_est[93]     -18.8611  7.34799e-05
G_pars_est[1]    0.0242556 -0.000133654
G_pars_est[2]    -0.254793 -3.68113e-05
G_pars_est[4]     -4.76931 -3.01786e-05
G_pars_est[5]    -0.424901  5.41626e-05
S_pars_est[5]     -2.95586  0.000582167
S_pars_est[6]     -2.55545 -0.000447092
S_pars_est[7]      -2.2268 -0.000200209
S_pars_est[8]     -1.46177 -0.000134518
S_pars_est[9]      -1.5075 -0.000144572
S_pars_est[10]      -1.3272  0.000266199
S_pars_est[11]     -1.07041  0.000252343
S_pars_est[12]     -1.04004  0.000730134
S_pars_est[13]     -1.12945  0.000250262
S_pars_est[14]     -1.06883  -0.00068412
S_pars_est[15]    -0.985698  -0.00091492
S_pars_est[16]     -0.93011 -0.000625157
S_pars_est[17]    -0.898744  0.000890394
S_pars_est[18]    -0.802966  0.000484794
S_pars_est[19]    -0.792823  7.10838e-05
S_pars_est[20]    -0.888789  -0.00106115
S_pars_est[21]    -0.750436 -0.000128186
S_pars_est[22]     -0.65368  0.000392088
S_pars_est[23]     -0.46045 -0.000143814
S_pars_est[24]    -0.298962 -0.000218747
S_pars_est[25]    -0.196711 -0.000621637
S_pars_est[26]    -0.234445 -8.03332e-05
S_pars_est[27]     -3.84558  1.80913e-06
S_pars_est[28]     -3.03572  3.58066e-06
S_pars_est[29]     -2.37016  0.000287081
S_pars_est[30]     -1.67529 -0.000650818
S_pars_est[31]     -1.48196  0.000505619
S_pars_est[32]     -1.31816  0.000408758
S_pars_est[33]     -1.12172  0.000232359
S_pars_est[34]     -1.02441 -0.000634207
S_pars_est[35]     -1.05914  0.000536817
S_pars_est[36]     -1.05479 -0.000986252
S_pars_est[37]     -1.00867  0.000474246
S_pars_est[38]    -0.933274    3.975e-06
S_pars_est[39]    -0.884993 -0.000157761
S_pars_est[40]    -0.767638  2.39659e-05
S_pars_est[41]    -0.610876  0.000133538
S_pars_est[42]    -0.364167  -0.00020772
S_pars_est[43]    -0.259003 -0.000111194
S_pars_est[44]    -0.187122  0.000262438
S_pars_est[45]    -0.161243  0.000147366
S_pars_est[46]     -0.12353 -8.05449e-05
S_pars_est[47]   -0.0848125  1.46398e-06
S_pars_est[48]   -0.0826039 -7.90191e-07
S_pars_est[51]     -5.99146  0.000153099
S_pars_est[52]     -5.44718 -0.000197986
S_pars_est[53]     -4.26562  5.69532e-05
S_pars_est[54]     -2.19465  3.66448e-05
S_pars_est[55]     -1.33111  0.000123262
S_pars_est[56]    -0.592627  9.34275e-05
S_pars_est[57]    -0.532679 -0.000212915
S_pars_est[58]    -0.743664  0.000368797
S_pars_est[59]     -0.80516   0.00036215
S_pars_est[60]    -0.920423 -7.12514e-05
S_pars_est[61]    -0.916326  3.02036e-05
S_pars_est[62]    -0.872076 -0.000234614
S_pars_est[63]    -0.838477 -5.10144e-05
S_pars_est[64]    -0.790982  8.04008e-05
S_pars_est[65]    -0.721221  7.03868e-05
S_pars_est[66]    -0.630947  4.76338e-05
S_pars_est[67]     -0.52935  4.65359e-05
S_pars_est[68]    -0.423483  4.06053e-05
S_pars_est[69]    -0.313976  3.85889e-05
S_pars_est[70]    -0.199474  2.46866e-05
S_pars_est[71]   -0.0829862 -0.000858486
S_pars_est[73]     -4.57802 -0.000231792
S_pars_est[74]     -3.69399   0.00109659
S_pars_est[75]     -3.05125   -0.0010804
S_pars_est[76]     -1.18736  0.000179999
S_pars_est[77]    -0.588164  -0.00123221
S_pars_est[78]    -0.188788  7.28967e-05
S_pars_est[79]    -0.264321 -4.38854e-05
S_pars_est[80]    -0.886457  0.000111746
S_pars_est[81]     -1.03969 -0.000173723
S_pars_est[82]     -1.25618 -0.000708527
S_pars_est[83]     -1.37692 -7.01186e-05
S_pars_est[84]     -1.02658 -1.70497e-05
S_pars_est[85]    -0.833303  0.000194426
S_pars_est[86]    -0.778138 -0.000345742
S_pars_est[87]    -0.710737 -0.000285632
S_pars_est[88]    -0.623407   1.4128e-06
S_pars_est[89]    -0.524223  2.94934e-05
S_pars_est[90]    -0.419957  2.06716e-06
S_pars_est[91]    -0.311331 -2.11957e-06
S_pars_est[92]    -0.197224 -1.44308e-06
S_pars_est[93]   -0.0805271 -2.23906e-05
log_fbar[1]    0.0635998 -0.000430356
log_fbar[2]      -4.7985  0.000172938
log_fdev[1](1)     -1.50747 -0.000380646
log_fdev[1](2)     -1.82028  -0.00018581
log_fdev[1](3)     -1.18905  0.000402175
log_fdev[1](4)    -0.836102  0.000147587
log_fdev[1](5)    -0.716497  0.000227871
log_fdev[1](6)    -0.397915  0.000200275
log_fdev[1](7)    -0.381711  6.24075e-05
log_fdev[1](8)     -0.41641  0.000167132
log_fdev[1](9)     0.580404 -9.53117e-05
log_fdev[1](10)     0.231313  0.000166127
log_fdev[1](11)     0.682411   0.00050622
log_fdev[1](12)     0.857483  0.000217115
log_fdev[1](13)     0.270405 -0.000417983
log_fdev[1](14)     0.541313 -0.000474835
log_fdev[1](15)     0.519728  0.000558185
log_fdev[1](16)     0.336338  0.000163362
log_fdev[1](17)      1.15671 -0.000343819
log_fdev[1](18)    -0.323922 -0.000301683
log_fdev[1](19)    -0.414531 -0.000204903
log_fdev[1](20)     0.175489 -0.000139683
log_fdev[1](21)     0.259609 -3.22405e-05
log_fdev[1](22)    -0.361202 -0.000100775
log_fdev[1](23)    -0.495284 -0.000188443
log_fdev[1](24)     -0.75755 -0.000135551
log_fdev[1](25)    -0.261879 -1.89999e-05
log_fdev[1](26)    0.0786246  3.77854e-05
log_fdev[1](27)    -0.181384 -0.000109336
log_fdev[1](28)    -0.666095 -5.29996e-05
log_fdev[1](29)    -0.627007 -0.000167606
log_fdev[1](30)    -0.148693 -0.000253119
log_fdev[1](31)      0.24182  2.77884e-06
log_fdev[1](32)     0.597242  1.79605e-05
log_fdev[1](33)      1.02085  0.000993519
log_fdev[1](34)     0.993375  0.000262628
log_fdev[1](35)     0.550522 -0.000974448
log_fdev[1](36)     0.424007  0.000136595
log_fdev[1](37)       1.1601  9.84211e-05
log_fdev[1](38)      1.53671 -0.000779246
log_fdev[1](39)      1.55593   -0.0003817
log_fdev[1](40)     -0.74913  0.000333772
log_fdev[1](41)     -1.51828  0.000138207
log_fdev[2](1)      0.13895  0.000275103
log_fdev[2](2)    0.0829846 -0.000211026
log_fdev[2](3)    -0.123024  -0.00062029
log_fdev[2](4)    -0.324465 -0.000504075
log_fdev[2](5)     -9.29013 -0.000615763
log_fdev[2](6)     -5.19161 -0.000267809
log_fdev[2](7)      -5.6473  0.000225128
log_fdev[2](8)     -1.84351 -0.000546033
log_fdev[2](9)    -0.543383   0.00171989
log_fdev[2](10)      2.07282  0.000429262
log_fdev[2](11)      1.62774 -0.000479334
log_fdev[2](12)      1.52304   0.00184188
log_fdev[2](13)      1.18411 -0.000145799
log_fdev[2](14)      1.67742  -0.00117189
log_fdev[2](15)      1.44709  0.000445468
log_fdev[2](16)     0.650224  0.000790029
log_fdev[2](17)     0.932843  -4.0855e-05
log_fdev[2](18)     0.341504 -0.000202246
log_fdev[2](19)     0.542379  0.000548732
log_fdev[2](20)     0.542806 -4.17954e-06
log_fdev[2](21)     0.136418  -0.00150607
log_fdev[2](22)     0.150113 -8.68825e-06
log_fdev[2](23)     0.197865   0.00130742
log_fdev[2](24)   0.00793397  -0.00100659
log_fdev[2](25)      0.66889  7.92638e-05
log_fdev[2](26)     0.435274   0.00103369
log_fdev[2](27)    -0.182742  1.52926e-05
log_fdev[2](28)      0.27579   -0.0021043
log_fdev[2](29)      -0.8131  0.000189757
log_fdev[2](30)    -0.669359  0.000127687
log_fdev[2](31)    -0.135942   0.00101863
log_fdev[2](32)     0.239905 -0.000220813
log_fdev[2](33)      1.79173  -0.00157292
log_fdev[2](34)      3.03315   0.00193541
log_fdev[2](35)    -0.609884   0.00245393
log_fdev[2](36)     0.181289  -0.00115922
log_fdev[2](37)      1.71684  -0.00139265
log_fdev[2](38)      1.33306  0.000866826
log_fdev[2](39)      1.57965 -0.000380798
log_fdev[2](40)     0.842766  -0.00061798
log_fdev[2](41)    -0.288273 -0.000396188
log_fdev[2](42)     0.324988 -0.000330783
log_fdev[2](43)   -0.0168749 -0.000201767
log_foff[1]     -7.28315 -3.16651e-05
log_fdov[1](1)      1.56562  0.000198287
log_fdov[1](2)      1.78851 -5.54971e-05
log_fdov[1](3)      1.41366 -0.000954395
log_fdov[1](4)      1.29968 -0.000420502
log_fdov[1](5)      2.11144 -0.000637859
log_fdov[1](6)      1.60192 -0.000451505
log_fdov[1](7)     0.743447  -4.5895e-07
log_fdov[1](8)     0.544835 -0.000213483
log_fdov[1](9)      2.92185  0.000643541
log_fdov[1](10)      1.36588 -0.000361392
log_fdov[1](11)      1.44261  -0.00107619
log_fdov[1](12)     0.592893 -2.40614e-05
log_fdov[1](13)     0.942647   0.00111529
log_fdov[1](14)    -0.550172   0.00103971
log_fdov[1](15)      1.01462 -0.000929797
log_fdov[1](16)      1.17903 -0.000180187
log_fdov[1](17)     -2.12864  0.000541838
log_fdov[1](18)    -0.418629  0.000601116
log_fdov[1](19)     -2.26548  0.000398331
log_fdov[1](20)     0.162816  4.37851e-05
log_fdov[1](21)     -2.03905 -0.000264813
log_fdov[1](22)     -2.18157  0.000145112
log_fdov[1](23)      -1.4105  0.000359834
log_fdov[1](24)    -0.836848  0.000185648
log_fdov[1](25)     -2.65356  9.93488e-05
log_fdov[1](26)    -0.216058 -3.83548e-05
log_fdov[1](27)     0.125979   6.0062e-05
log_fdov[1](28)     0.442012 -0.000380805
log_fdov[1](29)     0.280306  0.000300348
log_fdov[1](30)      2.48182   0.00102673
log_fdov[1](31)     0.711035 -0.000119677
log_fdov[1](32)      1.11767  0.000279687
log_fdov[1](33)      1.73465  -0.00217904
log_fdov[1](34)     0.935707 -6.25253e-05
log_fdov[1](35)     0.310421    0.0029889
log_fdov[1](36)     0.267645 -0.000557853
log_fdov[1](37)     -1.13322 -0.000592445
log_fdov[1](38)    -0.975872  0.000940374
log_fdov[1](39)     -3.81516  0.000316847
log_fdov[1](40)      -4.2164  -0.00158696
log_fdov[1](41)     -4.25756  -0.00048681
rec_dev_est(1982)     0.114636  0.000994853
rec_dev_est(1983)      0.11009 -0.000870635
rec_dev_est(1984)      1.24835  8.51835e-05
rec_dev_est(1985)        1.745 -0.000460605
rec_dev_est(1986)      1.06082  0.000693699
rec_dev_est(1987)     0.168753 -0.000214328
rec_dev_est(1988)    -0.490341 -0.000310612
rec_dev_est(1989)    -0.822143 -0.000572519
rec_dev_est(1990)     0.694186 -0.000564476
rec_dev_est(1991)     0.753575  0.000108615
rec_dev_est(1992)    -0.311532   0.00086446
rec_dev_est(1993)     0.126474  0.000116032
rec_dev_est(1994)    -0.416696 -0.000292521
rec_dev_est(1995)    -0.977912  0.000169872
rec_dev_est(1996)     -1.60695  1.40861e-05
rec_dev_est(1997)     -1.38355  0.000424099
rec_dev_est(1998)    -0.583052  0.000494702
rec_dev_est(1999)    -0.664265 -0.000566376
rec_dev_est(2000)     -1.41858  0.000153728
rec_dev_est(2001)   -0.0219038 -0.000159915
rec_dev_est(2002)      1.24619  0.000178385
rec_dev_est(2003)    -0.603534 -0.000296409
rec_dev_est(2004)    0.0813485  0.000328884
rec_dev_est(2005)    -0.851636  0.000306856
rec_dev_est(2006)     -1.65044  0.000519156
rec_dev_est(2007)  -0.00480322 -0.000778282
rec_dev_est(2008)     0.919074  7.82752e-05
rec_dev_est(2009)    -0.673288  0.000236998
rec_dev_est(2010)    -0.669854 -0.000229068
rec_dev_est(2011)    -0.482744 -0.000222361
rec_dev_est(2012)    -0.793148  0.000334601
rec_dev_est(2013)    -0.594756  -0.00153468
rec_dev_est(2014)      1.12019  0.000544793
rec_dev_est(2015)      1.43209 -2.54285e-06
rec_dev_est(2016)      1.55534  0.000979039
rec_dev_est(2017)    -0.532753  0.000744973
rec_dev_est(2018)    -0.966887 -0.000119803
rec_dev_est(2019)    -0.845503  0.000375986
rec_dev_est(2020)    0.0486887 -0.000647215
rec_dev_est(2021)     0.287683  8.83977e-05
rec_dev_est(2022)      1.26652 -0.000747085
rec_dev_est(2023)      0.21689 -0.000115717
rec_dev_est(2024)    -0.417262  1.61918e-06
logit_rec_prop_est(1982)      2.61906 -2.20792e-05
logit_rec_prop_est(1983)      2.05516 -0.000214681
logit_rec_prop_est(1984)   -0.0377439 -0.000126463
logit_rec_prop_est(1985)    -0.881382 -0.000656911
logit_rec_prop_est(1986)     -3.76615 -0.000221921
logit_rec_prop_est(1987)    0.0276838 -0.000162113
logit_rec_prop_est(1988)    -0.460707    5.342e-05
logit_rec_prop_est(1989)     0.676405  0.000334869
logit_rec_prop_est(1990)      1.81238  3.32569e-05
logit_rec_prop_est(1991)      1.22021 -2.09161e-05
logit_rec_prop_est(1992)     -2.11195 -8.83253e-06
logit_rec_prop_est(1993)     -1.57585  8.98825e-05
logit_rec_prop_est(1994)     -1.74393  0.000170098
logit_rec_prop_est(1995)     -1.37272  2.64887e-05
logit_rec_prop_est(1996)      3.94132  5.86127e-05
logit_rec_prop_est(1997)      1.09345 -0.000207168
logit_rec_prop_est(1998)    -0.180574 -4.50732e-05
logit_rec_prop_est(1999)     -1.07499 -4.99118e-06
logit_rec_prop_est(2000)     -2.26264    6.422e-05
logit_rec_prop_est(2001)     0.969586  0.000208959
logit_rec_prop_est(2002)     -1.82807  0.000546576
logit_rec_prop_est(2003)      3.77478 -0.000749626
logit_rec_prop_est(2004)     0.748716 -0.000116023
logit_rec_prop_est(2005)     -1.06768 -0.000622794
logit_rec_prop_est(2006)      1.20796  0.000472323
logit_rec_prop_est(2007)    -0.501905  0.000151032
logit_rec_prop_est(2008)     -1.18411  0.000594524
logit_rec_prop_est(2009)     -1.94382 -0.000126743
logit_rec_prop_est(2010)    -0.659485  0.000141126
logit_rec_prop_est(2011)     -1.84496 -0.000658335
logit_rec_prop_est(2012)      1.72983  0.000474443
logit_rec_prop_est(2013)     0.592821 -0.000392606
logit_rec_prop_est(2014)     0.985675 -0.000296393
logit_rec_prop_est(2015)    -0.407329 -0.000167244
logit_rec_prop_est(2016)      -3.2978  0.000114578
logit_rec_prop_est(2017)      -2.8824 -0.000279886
logit_rec_prop_est(2018)     -1.96784 -0.000371178
logit_rec_prop_est(2019)      3.27887 -0.000257128
logit_rec_prop_est(2020)     0.419074 -0.000328298
logit_rec_prop_est(2021)     0.997884 -0.000132398
logit_rec_prop_est(2022)     0.359567 -6.70286e-05
logit_rec_prop_est(2023)     0.173454  -0.00026821
logit_rec_prop_est(2024)      4.37019 -4.09552e-05
