ParName   Value   Gradient
theta[3]      13.6879   0.00999041
theta[11]      8.63788  9.34729e-06
theta[12]      8.65315 -0.000153092
theta[13]      8.70148  1.89562e-05
theta[14]      8.87514 -5.47732e-05
theta[15]      9.32413  6.16409e-05
theta[16]      9.91716 -1.45969e-05
theta[17]      10.5146 -3.95774e-05
theta[18]      10.9232  0.000129851
theta[19]      10.9598 -6.14485e-05
theta[20]      11.0468  8.70636e-05
theta[21]      11.0321  9.82461e-05
theta[22]      10.6853 -0.000340189
theta[23]      10.3417 -0.000172725
theta[24]      10.2456 -0.000125681
theta[25]      10.6168 -0.000266183
theta[26]      10.9061  0.000135616
theta[27]      11.8418  -0.00065462
theta[28]      11.9836  0.000252916
theta[29]      10.5218  0.000584022
theta[30]      8.95837  0.000500077
theta[31]       8.0508 -0.000171939
theta[32]      7.63846  9.26397e-05
theta[33]      11.9367 -2.10742e-06
theta[34]       12.085 -3.45005e-05
theta[35]      12.9862 -0.000285908
theta[36]      13.5673  0.000218588
theta[37]      13.7075  -0.00020582
theta[38]      13.1097  0.000285087
theta[39]      12.9436   0.00132252
theta[40]      12.8943 -0.000286604
theta[41]      12.6445 -0.000840587
theta[42]        12.05  -0.00102884
theta[43]      11.6866 -0.000116844
theta[44]      11.8071  0.000108672
theta[45]      11.9257   0.00026451
theta[46]      11.1148 -0.000304185
theta[47]      9.78888 -8.40735e-05
theta[48]      8.57506 -0.000204868
theta[49]      7.72991 -1.42654e-05
theta[50]      7.15049 -0.000216464
theta[51]      6.73901 -9.15953e-05
theta[52]      6.46659  0.000863664
theta[53]      6.28874 -0.000901201
theta[54]      6.19966 -0.000108978
theta[55]      10.1726  0.000110668
theta[56]      10.2184 -0.000119845
theta[57]      10.3882 -0.000253204
theta[58]      11.5572 -0.000131949
theta[59]      13.2157 -0.000269935
theta[60]      14.0689 -0.000293091
theta[61]      13.3096 -0.000168251
theta[62]      12.3787  1.57931e-05
theta[63]      11.3314 -0.000138661
theta[64]      10.2013  8.38147e-05
theta[65]       9.4719 -8.11395e-05
theta[66]      9.03183 -1.50002e-05
theta[67]      8.76908 -5.19759e-05
theta[68]      8.59499  -0.00011704
theta[69]      8.43385 -5.44935e-06
theta[70]      8.27028 -0.000109678
theta[71]      8.11078  7.47618e-05
theta[72]      7.96639  1.09181e-05
theta[73]      7.83678 -8.86858e-05
theta[74]      7.72969 -0.000206701
theta[75]      7.63483 -6.52195e-05
theta[76]      7.57499 -0.000580891
theta[77]     -14.4736  0.000191805
theta[78]     -14.4314 -1.91127e-05
theta[79]     -14.1678 -0.000380331
theta[80]     -14.0398  0.000189649
theta[81]     -14.1053 -0.000101868
theta[82]     -14.3454  0.000110794
theta[83]     -14.7285 -0.000316315
theta[84]     -15.6701  6.65023e-05
theta[85]     -16.4399  0.000286496
theta[86]     -17.1065 -0.000127714
theta[87]     -17.5583 -0.000167926
theta[88]     -17.8989 -1.65622e-05
theta[89]     -18.1654  0.000126275
theta[90]     -18.3855  0.000110819
theta[91]     -18.5728  -9.5338e-05
theta[92]     -18.7353  0.000442462
theta[93]     -18.8771 -0.000255198
log_fbar[1]      -1.1892   0.00442202
log_fbar[2]     -6.01111 -0.000696712
log_fdev[1](1)     -1.60766  0.000653191
log_fdev[1](2)     -1.90814   0.00127786
log_fdev[1](3)      -1.1573  -0.00138298
log_fdev[1](4)    -0.771641  -0.00124993
log_fdev[1](5)    -0.618287  0.000788857
log_fdev[1](6)    -0.314564  0.000552354
log_fdev[1](7)    -0.296934  0.000629562
log_fdev[1](8)    -0.152459  0.000334956
log_fdev[1](9)      1.01544  0.000709531
log_fdev[1](10)     0.942061   8.8906e-05
log_fdev[1](11)     0.833143 -1.20516e-05
log_fdev[1](12)     0.729429  0.000119712
log_fdev[1](13)   -0.0410745    0.0001461
log_fdev[1](14)    -0.338766 -5.18226e-05
log_fdev[1](15)     0.263627  0.000153062
log_fdev[1](16)     0.784564  0.000182388
log_fdev[1](17)      1.19218   1.3699e-05
log_fdev[1](18)    -0.228692 -0.000155006
log_fdev[1](19)    -0.296953  0.000114231
log_fdev[1](20)    0.0381116 -0.000502125
log_fdev[1](21)    -0.261039 -0.000650469
log_fdev[1](22)    -0.825586 -0.000660553
log_fdev[1](23)    -0.747565 -0.000437084
log_fdev[1](24)     -0.78272 -0.000228994
log_fdev[1](25)    -0.287809  0.000190029
log_fdev[1](26)   -0.0181228  0.000355333
log_fdev[1](27)    -0.215161  0.000157276
log_fdev[1](28)    -0.406123  3.78104e-05
log_fdev[1](29)    -0.452698  6.23887e-05
log_fdev[1](30)     0.178296  0.000302843
log_fdev[1](31)     0.401998  0.000289884
log_fdev[1](32)     0.677418  0.000164054
log_fdev[1](33)      1.24932  0.000233338
log_fdev[1](34)      1.10924  0.000397183
log_fdev[1](35)     0.635925  0.000340522
log_fdev[1](36)     0.658841  0.000598389
log_fdev[1](37)      1.04402  0.000570346
log_fdev[1](38)      1.37488  0.000813328
log_fdev[1](39)      1.03384  0.000804607
log_fdev[1](40)     -1.17653  0.000573879
log_fdev[1](41)      -1.2565  0.000542998
log_fdev[2](1)   -0.0390411  4.07435e-05
log_fdev[2](2)   -0.0819251  2.52955e-05
log_fdev[2](3)    -0.144824  5.87142e-05
log_fdev[2](4)    -0.294474 -1.78307e-05
log_fdev[2](5)     -9.26793  3.52854e-05
log_fdev[2](6)     -5.17043  8.41062e-05
log_fdev[2](7)     -5.57739 -6.64259e-05
log_fdev[2](8)     -1.58494  7.09205e-05
log_fdev[2](9)   -0.0505849  4.22571e-05
log_fdev[2](10)      2.72453   0.00010629
log_fdev[2](11)      1.81731  2.21048e-05
log_fdev[2](12)      1.33356  0.000167797
log_fdev[2](13)     0.869375  -2.7762e-05
log_fdev[2](14)      1.01497 -6.31487e-05
log_fdev[2](15)      1.23852  4.40362e-05
log_fdev[2](16)      1.01695 -3.54142e-06
log_fdev[2](17)      1.06211 -8.63716e-05
log_fdev[2](18)     0.415107  2.81048e-05
log_fdev[2](19)     0.589634 -3.64754e-05
log_fdev[2](20)     0.366015 -0.000137948
log_fdev[2](21)    -0.317046 -0.000216867
log_fdev[2](22)    -0.312293 -0.000141175
log_fdev[2](23)     -0.13156 -3.61047e-05
log_fdev[2](24)   -0.0518132 -2.83606e-05
log_fdev[2](25)     0.628364  5.68488e-05
log_fdev[2](26)     0.334842 -2.21518e-05
log_fdev[2](27)    -0.270268 -3.97232e-05
log_fdev[2](28)     0.469958 -5.44324e-06
log_fdev[2](29)    -0.728045  5.46511e-05
log_fdev[2](30)    -0.444747  2.85249e-05
log_fdev[2](31)   -0.0602571  7.79207e-05
log_fdev[2](32)     0.271401  3.67358e-05
log_fdev[2](33)      1.93712  0.000107109
log_fdev[2](34)      3.11353 -2.84799e-05
log_fdev[2](35)    -0.514633   8.1861e-05
log_fdev[2](36)     0.584061 -1.56354e-05
log_fdev[2](37)       1.9601 -8.72176e-05
log_fdev[2](38)      1.33527  2.55717e-05
log_fdev[2](39)      1.08912  0.000118022
log_fdev[2](40)      0.47148  6.06841e-06
log_fdev[2](41)    -0.262598  1.65378e-05
log_fdev[2](42)     0.407898   6.6324e-05
log_fdev[2](43)     0.253581   3.3187e-05
log_foff[1]     -6.60477 -0.000539794
log_fdov[1](1)      2.12461   0.00102211
log_fdov[1](2)      2.33983 -0.000364441
log_fdov[1](3)      1.83206 -0.000592665
log_fdov[1](4)      1.32488 -0.000290058
log_fdov[1](5)       1.1225 -0.000160717
log_fdov[1](6)     0.465455 -0.000184012
log_fdov[1](7)     0.273042  1.73472e-05
log_fdov[1](8)     0.509025 -0.000106543
log_fdov[1](9)      3.03963 -3.04837e-05
log_fdov[1](10)      1.31618 -0.000175198
log_fdov[1](11)      1.63429  6.36554e-06
log_fdov[1](12)     0.662495 -5.00922e-05
log_fdov[1](13)      1.07875 -9.25976e-05
log_fdov[1](14)  -0.00842366 -0.000285179
log_fdov[1](15)     0.883144 -1.15123e-05
log_fdov[1](16)     0.522844 -0.000114291
log_fdov[1](17)     -2.20007 -3.76099e-05
log_fdov[1](18)     -0.47391  -0.00010808
log_fdov[1](19)     -2.48988 -5.97427e-05
log_fdov[1](20)   0.00861833  1.98729e-05
log_fdov[1](21)     -1.75413 -0.000135668
log_fdov[1](22)     -1.78995  -0.00020349
log_fdov[1](23)     -1.15594 -0.000217341
log_fdov[1](24)    -0.766911 -0.000167219
log_fdov[1](25)     -2.64057 -0.000156236
log_fdov[1](26)    -0.169257  4.18876e-05
log_fdov[1](27)     0.163327  9.90067e-05
log_fdov[1](28)     0.253928  -1.8877e-05
log_fdov[1](29)    -0.025643 -0.000162873
log_fdov[1](30)      1.89286  4.44728e-05
log_fdov[1](31)     0.367951 -0.000135363
log_fdov[1](32)     0.948607 -0.000122718
log_fdov[1](33)      1.46999 -2.37863e-05
log_fdov[1](34)     0.836874  0.000132058
log_fdov[1](35)     0.302416  0.000129078
log_fdov[1](36)     0.327948   0.00022054
log_fdov[1](37)     -0.16273  0.000212945
log_fdov[1](38)    -0.436943  0.000190323
log_fdov[1](39)     -3.28512  0.000142756
log_fdov[1](40)     -3.85405  0.000101674
log_fdov[1](41)     -4.48774  5.13507e-05
rec_dev_est(1982)      1.38923   0.00251699
rec_dev_est(1983)      1.76519 -0.000378372
rec_dev_est(1984)      1.83642  0.000298134
rec_dev_est(1985)     0.274601  0.000161613
rec_dev_est(1986)      1.18596 -0.000300044
rec_dev_est(1987)     -1.36508 -0.000312802
rec_dev_est(1988)     -1.25878  1.09802e-06
rec_dev_est(1989)      2.20656 -0.000588701
rec_dev_est(1990)     0.434956 -0.000375681
rec_dev_est(1991)    -0.491015 -0.000430524
rec_dev_est(1992)      1.70608 -0.000591838
rec_dev_est(1993)    -0.601963 -0.000130725
rec_dev_est(1994)     -1.47828 -0.000620184
rec_dev_est(1995)      -1.6549  -0.00055505
rec_dev_est(1996)    -0.493565 -0.000938655
rec_dev_est(1997)     0.870016  7.94188e-05
rec_dev_est(1998)    -0.279119 -0.000689823
rec_dev_est(1999)    -0.472654  0.000234966
rec_dev_est(2000)     -1.58682  0.000191502
rec_dev_est(2001)     0.217938 -8.53056e-05
rec_dev_est(2002)      1.88424  0.000488933
rec_dev_est(2003)   -0.0237342 -0.000174947
rec_dev_est(2004)     0.696421  0.000844863
rec_dev_est(2005)     -1.42574  0.000899591
rec_dev_est(2006)     -1.68431  0.000535529
rec_dev_est(2007)      1.19386  0.000456386
rec_dev_est(2008)      1.30573 -7.50578e-05
rec_dev_est(2009)    -0.256335   0.00096134
rec_dev_est(2010)    -0.402571  0.000313422
rec_dev_est(2011)    -0.163887  0.000694163
rec_dev_est(2012)     -1.25956  0.000816074
rec_dev_est(2013)    -0.582204  0.000316932
rec_dev_est(2014)   -0.0648505   0.00160383
rec_dev_est(2015)    0.0294988   0.00087798
rec_dev_est(2016)     -1.29869 -3.55116e-05
rec_dev_est(2017)     -1.13494  0.000153175
rec_dev_est(2018)     -1.55223  4.93194e-05
rec_dev_est(2019)    -0.969859  0.000143813
rec_dev_est(2020)     0.546472  4.36041e-05
rec_dev_est(2021)    0.0727238  2.36248e-05
rec_dev_est(2022)      1.28478 -2.18915e-06
rec_dev_est(2023)    -0.728266  5.97932e-05
rec_dev_est(2024)      -1.2634 -3.79167e-05
