ParName   Value   Gradient
T_pars_est[3]       12.986  -0.00897498
T_pars_est[9]      9.16524  0.000195262
T_pars_est[10]      9.18332   0.00111193
T_pars_est[11]      9.24351  -0.00278205
T_pars_est[12]      9.41755  -0.00199321
T_pars_est[13]      9.97802  0.000192819
T_pars_est[14]      10.6479  0.000361722
T_pars_est[15]      11.2026   0.00273807
T_pars_est[16]      11.4469   0.00181587
T_pars_est[17]      11.5401   0.00169393
T_pars_est[18]      11.5651  -0.00159615
T_pars_est[19]      11.5267   0.00164775
T_pars_est[20]      11.2742  -0.00192833
T_pars_est[21]      10.9588  -0.00258581
T_pars_est[22]      10.6901   0.00231082
T_pars_est[23]      10.7601   0.00407736
T_pars_est[24]      11.7989  0.000472379
T_pars_est[25]      11.2683  0.000160429
T_pars_est[26]       10.284 -0.000252756
T_pars_est[27]      9.21383   0.00894242
T_pars_est[28]      8.18151   0.00052206
T_pars_est[29]       7.3418   0.00227947
T_pars_est[30]      6.92958  -0.00482938
T_pars_est[31]      13.7525  -0.00037224
T_pars_est[32]      13.3444   0.00196326
T_pars_est[33]      12.7404   0.00318868
T_pars_est[34]      12.8083 -0.000417329
T_pars_est[35]      12.4413   0.00747939
T_pars_est[36]      12.5485  -0.00297986
T_pars_est[37]      12.2372  -0.00124338
T_pars_est[38]      11.9578 -0.000827481
T_pars_est[39]      11.9019   0.00262768
T_pars_est[40]      11.3872  -0.00210379
T_pars_est[41]      10.7466  -0.00539796
T_pars_est[42]      10.6468   8.2993e-05
T_pars_est[43]      10.7784 -0.000297172
T_pars_est[44]      9.89847  -0.00144289
T_pars_est[45]      8.57195  -0.00362124
T_pars_est[46]      7.54245  -0.00105958
T_pars_est[47]      6.79881 -0.000229347
T_pars_est[48]      6.27527   0.00220449
T_pars_est[49]      5.89483  0.000627726
T_pars_est[50]       5.6147  -0.00199603
T_pars_est[51]      5.42086  -0.00186244
T_pars_est[52]      5.32045       0.0023
log_fbar[1]     0.214681  0.000829287
log_fbar[2]     -4.58626  -0.00131097
log_fdev[1](1)     -1.57328   -0.0013608
log_fdev[1](2)     -1.81807  0.000634249
log_fdev[1](3)     -1.17741   0.00162871
log_fdev[1](4)    -0.842486   0.00055766
log_fdev[1](5)    -0.744789  -0.00180022
log_fdev[1](6)    -0.456069  -0.00046299
log_fdev[1](7)    -0.433218   0.00108483
log_fdev[1](8)    -0.444977   -0.0076027
log_fdev[1](9)     0.567496  0.000543651
log_fdev[1](10)     0.221427   0.00066029
log_fdev[1](11)     0.690385    0.0014751
log_fdev[1](12)     0.890217  -0.00100932
log_fdev[1](13)     0.287994  -0.00224511
log_fdev[1](14)     0.575061 -0.000100788
log_fdev[1](15)     0.526613  0.000504845
log_fdev[1](16)     0.336167    0.0022856
log_fdev[1](17)      1.21698 -0.000427092
log_fdev[1](18)    -0.293737  0.000680764
log_fdev[1](19)    -0.399325  -0.00164668
log_fdev[1](20)     0.181356   -0.0003867
log_fdev[1](21)     0.335692  0.000300684
log_fdev[1](22)    -0.265185   0.00102023
log_fdev[1](23)    -0.422553  0.000211734
log_fdev[1](24)    -0.744336 -0.000171858
log_fdev[1](25)    -0.231535  -0.00115941
log_fdev[1](26)     0.162723  0.000564382
log_fdev[1](27)   -0.0925492  0.000370968
log_fdev[1](28)    -0.592726 -0.000492673
log_fdev[1](29)    -0.578181  0.000105741
log_fdev[1](30)    -0.146793  -0.00060356
log_fdev[1](31)     0.241187  0.000865118
log_fdev[1](32)     0.609812 -0.000165247
log_fdev[1](33)      1.05722  0.000133663
log_fdev[1](34)      1.02902  0.000693278
log_fdev[1](35)     0.594524 -0.000944783
log_fdev[1](36)     0.626415   0.00086035
log_fdev[1](37)      1.06545   7.1467e-05
log_fdev[1](38)     0.813255 -0.000177497
log_fdev[1](39)      1.27552  8.11556e-05
log_fdev[1](40)     -0.51434   0.00176992
log_fdev[1](41)    -0.921121  0.000209064
log_fdev[1](42)     -0.61183  0.000877614
log_fdev[2](1)    0.0425094   0.00265915
log_fdev[2](2)    0.0188968  0.000275108
log_fdev[2](3)     -0.19357  0.000684771
log_fdev[2](4)    -0.418289 -0.000848811
log_fdev[2](5)     -9.40586  -8.4444e-06
log_fdev[2](6)     -5.33231   0.00193076
log_fdev[2](7)     -5.77995  0.000721096
log_fdev[2](8)     -1.94859   0.00167046
log_fdev[2](9)    -0.629309  -0.00251942
log_fdev[2](10)      1.98999  -0.00122436
log_fdev[2](11)      1.56916   0.00381484
log_fdev[2](12)      1.49841  -0.00570128
log_fdev[2](13)      1.15143    0.0020347
log_fdev[2](14)      1.64771   0.00049207
log_fdev[2](15)      1.37606  -0.00128379
log_fdev[2](16)     0.576293   0.00241157
log_fdev[2](17)     0.920687   0.00332108
log_fdev[2](18)     0.295399  8.28479e-05
log_fdev[2](19)     0.487118   -0.0017465
log_fdev[2](20)     0.493335  -0.00182165
log_fdev[2](21)     0.146247 -0.000886998
log_fdev[2](22)     0.169194 -0.000303671
log_fdev[2](23)     0.193461 -0.000566155
log_fdev[2](24)   -0.0368569 -0.000886457
log_fdev[2](25)     0.635464   -0.0011418
log_fdev[2](26)     0.449227  -0.00154267
log_fdev[2](27)    -0.175632  -0.00039323
log_fdev[2](28)     0.257125  -0.00283508
log_fdev[2](29)    -0.850415   0.00180646
log_fdev[2](30)    -0.742536  -0.00239495
log_fdev[2](31)    -0.193023  0.000901706
log_fdev[2](32)     0.205061  0.000604737
log_fdev[2](33)      1.78673  -0.00211076
log_fdev[2](34)      3.04007  -0.00100566
log_fdev[2](35)    -0.570595  0.000485945
log_fdev[2](36)     0.348284  -0.00122305
log_fdev[2](37)      1.67863  0.000729162
log_fdev[2](38)     0.781511   0.00260955
log_fdev[2](39)      1.25554  0.000961812
log_fdev[2](40)     0.898636  -0.00117357
log_fdev[2](41)    -0.044089   0.00112423
log_fdev[2](42)     0.594178  -0.00198586
log_fdev[2](43)     0.440709   0.00274388
log_fdev[2](44)      1.37397  -0.00156684
rec_dev_est(1982)     0.621108  -0.00104053
rec_dev_est(1983)      1.02032 -0.000499026
rec_dev_est(1984)      1.77653  -0.00117433
rec_dev_est(1985)      1.30086   0.00422712
rec_dev_est(1986)    -0.435846  -0.00196957
rec_dev_est(1987)     0.418637  -0.00291373
rec_dev_est(1988)    -0.260942  0.000404744
rec_dev_est(1989)    -0.338336  -0.00095046
rec_dev_est(1990)      1.78253  0.000262738
rec_dev_est(1991)      1.31655    -0.001302
rec_dev_est(1992)    -0.729562 -0.000166069
rec_dev_est(1993)    -0.918149   0.00156168
rec_dev_est(1994)     -1.13776 -0.000638934
rec_dev_est(1995)     -1.15502 -0.000385087
rec_dev_est(1996)    -0.757277   0.00105489
rec_dev_est(1997)    -0.678281   0.00071682
rec_dev_est(1998)    -0.334651 -0.000146865
rec_dev_est(1999)     -1.10313  -0.00152559
rec_dev_est(2000)     -1.56176   0.00140224
rec_dev_est(2001)     0.630224  0.000500839
rec_dev_est(2002)     0.349635  -0.00186291
rec_dev_est(2003)     0.324044   0.00115461
rec_dev_est(2004)     0.716862 -0.000531136
rec_dev_est(2005)    -0.764014   0.00156944
rec_dev_est(2006)     -1.06363  -0.00406787
rec_dev_est(2007)     0.304687    0.0012869
rec_dev_est(2008)     0.352501 -0.000559369
rec_dev_est(2009)     -1.04101   0.00180251
rec_dev_est(2010)     -1.01871  -0.00204418
rec_dev_est(2011)      -0.9891  0.000357228
rec_dev_est(2012)    -0.329767  -0.00198093
rec_dev_est(2013)    -0.292444   0.00149705
rec_dev_est(2014)      1.96109  -0.00315546
rec_dev_est(2015)     0.351309   0.00102243
rec_dev_est(2016)    -0.611096  0.000584896
rec_dev_est(2017)     -1.20772   0.00049035
rec_dev_est(2018)     -1.30985 -0.000328596
rec_dev_est(2019)     -1.75889  0.000566741
rec_dev_est(2020)     0.716433  0.000844545
rec_dev_est(2021)     0.987412  -0.00177925
rec_dev_est(2022)      1.57077  0.000731344
rec_dev_est(2023)     0.125375 -0.000996267
rec_dev_est(2024)    -0.303994  0.000507121
rec_dev_est(2025)    -0.204392 -0.000746822
