ParName   Value   Gradient
T_pars_est[3]      12.9856  0.000351619
T_pars_est[9]      9.16486  -0.00365504
T_pars_est[10]      9.18295   -0.0012574
T_pars_est[11]      9.24315  0.000141849
T_pars_est[12]      9.41722  -0.00186762
T_pars_est[13]      9.97755    0.0023771
T_pars_est[14]      10.6475   0.00189698
T_pars_est[15]      11.2023 -0.000463335
T_pars_est[16]      11.4466  0.000790232
T_pars_est[17]      11.5399    -0.000181
T_pars_est[18]      11.5649  -0.00330497
T_pars_est[19]      11.5265  -0.00314435
T_pars_est[20]      11.2741 -0.000386343
T_pars_est[21]      10.9587 -0.000531014
T_pars_est[22]        10.69  -0.00233298
T_pars_est[23]        10.76   0.00107406
T_pars_est[24]       11.799  0.000459629
T_pars_est[25]      11.2684 -5.85111e-05
T_pars_est[26]       10.284 -0.000311098
T_pars_est[27]      9.21384 -0.000402222
T_pars_est[28]      8.18155  -4.0243e-05
T_pars_est[29]      7.34187  0.000577855
T_pars_est[30]      6.92967  0.000216286
T_pars_est[31]       13.753  -0.00115071
T_pars_est[32]      13.3446   0.00178761
T_pars_est[33]      12.7405  -0.00136465
T_pars_est[34]      12.8085 -0.000710287
T_pars_est[35]      12.4414  0.000228993
T_pars_est[36]      12.5489 -0.000824009
T_pars_est[37]      12.2376   0.00140122
T_pars_est[38]      11.9581   0.00128398
T_pars_est[39]      11.9021   0.00191155
T_pars_est[40]      11.3877  0.000160179
T_pars_est[41]       10.747  -0.00320973
T_pars_est[42]       10.647  -0.00109712
T_pars_est[43]      10.7787   0.00189278
T_pars_est[44]      9.89913  -0.00190479
T_pars_est[45]      8.57256   0.00126269
T_pars_est[46]      7.54292   0.00244471
T_pars_est[47]      6.79914  -0.00356956
T_pars_est[48]      6.27552  -0.00220756
T_pars_est[49]      5.89505   0.00225474
T_pars_est[50]      5.61488  -0.00224715
T_pars_est[51]      5.42101  -0.00259648
T_pars_est[52]      5.32058  9.39396e-05
G_pars_est[1]    0.0653385 -9.08381e-05
G_pars_est[2]    -0.253548 -7.28007e-05
S_pars_est[5]     -2.52486   0.00126275
S_pars_est[6]     -2.14365  -0.00195603
S_pars_est[7]     -1.81718   0.00148521
S_pars_est[8]     -1.18568   0.00175621
S_pars_est[9]     -1.24399 -0.000485846
S_pars_est[10]      -1.1261  -0.00214747
S_pars_est[11]    -0.923187  -0.00287073
S_pars_est[12]    -0.922355   0.00140581
S_pars_est[13]     -1.04031   0.00282644
S_pars_est[14]     -1.00664  -0.00014351
S_pars_est[15]     -0.94223 -0.000268639
S_pars_est[16]     -0.89651   0.00196296
S_pars_est[17]     -0.87349  0.000190713
S_pars_est[18]    -0.784535  -0.00166737
S_pars_est[19]      -0.7749 -6.46442e-06
S_pars_est[20]    -0.885463  -0.00196601
S_pars_est[21]    -0.733961   0.00363499
S_pars_est[22]    -0.628989 -0.000517753
S_pars_est[23]    -0.441121 -0.000340919
S_pars_est[24]    -0.288946  -0.00148492
S_pars_est[25]     -0.19091 -0.000477765
S_pars_est[26]    -0.226874 -0.000205148
S_pars_est[27]     -3.13083 -0.000125786
S_pars_est[28]     -2.60642   0.00018273
S_pars_est[29]     -1.79202  -0.00297147
S_pars_est[30]     -1.28423 -0.000812847
S_pars_est[31]     -1.11351 -0.000359499
S_pars_est[32]    -0.960578 -0.000161266
S_pars_est[33]    -0.816025  0.000825912
S_pars_est[34]    -0.752582   0.00432772
S_pars_est[35]    -0.853448 -0.000474958
S_pars_est[36]    -0.885066 -0.000949313
S_pars_est[37]    -0.859565   0.00132515
S_pars_est[38]    -0.809876   0.00207908
S_pars_est[39]    -0.786744  -0.00163737
S_pars_est[40]    -0.692168  0.000382808
S_pars_est[41]    -0.556204  -0.00123633
S_pars_est[42]    -0.331061 -1.50448e-05
S_pars_est[43]    -0.232081 -0.000121294
S_pars_est[44]     -0.16276 -0.000145071
S_pars_est[45]    -0.133508  5.87489e-06
S_pars_est[46]   -0.0962547 -0.000191209
S_pars_est[47]   -0.0565086 -7.01851e-06
S_pars_est[48]   -0.0434451 -1.05832e-05
log_fbar[1]     0.214848  4.87808e-05
log_fbar[2]     -4.58602  0.000122746
log_fdev[1](1)     -1.57354 -5.12999e-05
log_fdev[1](2)      -1.8184  1.68577e-05
log_fdev[1](3)     -1.17776 -0.000570951
log_fdev[1](4)    -0.842845 -0.000868401
log_fdev[1](5)    -0.745121 -0.000433788
log_fdev[1](6)    -0.456328  -0.00034489
log_fdev[1](7)    -0.433378 -0.000229438
log_fdev[1](8)    -0.445052  -0.00020006
log_fdev[1](9)      0.56735 -0.000226804
log_fdev[1](10)     0.221349  8.75546e-05
log_fdev[1](11)     0.690299  0.000167544
log_fdev[1](12)     0.890178  0.000245188
log_fdev[1](13)     0.287918  0.000506424
log_fdev[1](14)     0.575063   0.00083308
log_fdev[1](15)     0.526583  1.07543e-05
log_fdev[1](16)     0.336199  -7.0496e-05
log_fdev[1](17)      1.21702 -0.000342901
log_fdev[1](18)    -0.293642  -0.00022431
log_fdev[1](19)    -0.399297 -0.000214736
log_fdev[1](20)     0.181259 -0.000363037
log_fdev[1](21)     0.335656 -0.000165045
log_fdev[1](22)    -0.265166  0.000423287
log_fdev[1](23)    -0.422507  0.000598367
log_fdev[1](24)    -0.744354  0.000449112
log_fdev[1](25)    -0.231598  0.000257366
log_fdev[1](26)     0.162625 -5.79333e-05
log_fdev[1](27)   -0.0925526 -0.000160219
log_fdev[1](28)     -0.59257  0.000133151
log_fdev[1](29)    -0.578059   0.00017813
log_fdev[1](30)    -0.146808  1.48815e-05
log_fdev[1](31)     0.241119 -6.29605e-05
log_fdev[1](32)     0.609623 -0.000178159
log_fdev[1](33)        1.057  0.000439899
log_fdev[1](34)      1.02884  0.000656351
log_fdev[1](35)     0.594405   0.00013663
log_fdev[1](36)     0.626241 -0.000589564
log_fdev[1](37)      1.06534  0.000159034
log_fdev[1](38)      0.81315  9.87831e-05
log_fdev[1](39)      1.27532  8.99947e-05
log_fdev[1](40)    -0.514143  3.93621e-05
log_fdev[1](41)    -0.919881 -0.000189123
log_fdev[1](42)    -0.609536  4.72131e-05
log_fdev[2](1)    0.0421698 -0.000579521
log_fdev[2](2)     0.018489 -0.000963133
log_fdev[2](3)    -0.193981  -0.00100654
log_fdev[2](4)    -0.418701 -0.000591206
log_fdev[2](5)     -9.40625 -0.000133986
log_fdev[2](6)     -5.33262 -0.000344429
log_fdev[2](7)     -5.78014 -0.000676094
log_fdev[2](8)     -1.94868   0.00297533
log_fdev[2](9)    -0.629404  -0.00205545
log_fdev[2](10)      1.98994   0.00239967
log_fdev[2](11)      1.56916 -0.000659782
log_fdev[2](12)      1.49839  0.000635862
log_fdev[2](13)      1.15132  0.000633862
log_fdev[2](14)      1.64763   0.00335084
log_fdev[2](15)      1.37601  -0.00154084
log_fdev[2](16)      0.57638  0.000572313
log_fdev[2](17)      0.92083  -0.00187169
log_fdev[2](18)     0.295475  0.000375207
log_fdev[2](19)     0.487112 -0.000739455
log_fdev[2](20)     0.493217  -0.00193998
log_fdev[2](21)      0.14617  0.000232999
log_fdev[2](22)     0.169181 -0.000302181
log_fdev[2](23)     0.193496   0.00167465
log_fdev[2](24)   -0.0368716   0.00158297
log_fdev[2](25)     0.635366 -0.000184848
log_fdev[2](26)     0.449125  0.000213499
log_fdev[2](27)    -0.175637  -0.00097508
log_fdev[2](28)     0.257284 -0.000657126
log_fdev[2](29)    -0.850252   0.00261198
log_fdev[2](30)    -0.742482  -0.00325358
log_fdev[2](31)    -0.193087   0.00154428
log_fdev[2](32)     0.204841  -0.00164231
log_fdev[2](33)       1.7865   0.00201546
log_fdev[2](34)      3.03986  0.000696595
log_fdev[2](35)    -0.570757  0.000958272
log_fdev[2](36)     0.348061  -0.00203143
log_fdev[2](37)       1.6784  0.000555173
log_fdev[2](38)     0.781307 -0.000403061
log_fdev[2](39)       1.2553  0.000511293
log_fdev[2](40)     0.898718 -0.000497896
log_fdev[2](41)   -0.0435406 -0.000832463
log_fdev[2](42)     0.594961   0.00173446
log_fdev[2](43)     0.441873  -0.00203741
log_fdev[2](44)      1.37585  0.000821575
rec_dev_est(1982)     0.620987  0.000157748
rec_dev_est(1983)      1.02052  0.000763092
rec_dev_est(1984)      1.77724 -0.000417692
rec_dev_est(1985)      1.30058  0.000196261
rec_dev_est(1986)    -0.435681  -0.00442818
rec_dev_est(1987)     0.418951   0.00179667
rec_dev_est(1988)    -0.260089  -0.00291845
rec_dev_est(1989)    -0.338877  -0.00113694
rec_dev_est(1990)      1.78335  0.000105715
rec_dev_est(1991)      1.31612 -0.000149932
rec_dev_est(1992)    -0.728961   0.00172227
rec_dev_est(1993)    -0.917809  -0.00107871
rec_dev_est(1994)     -1.13731 -0.000177341
rec_dev_est(1995)     -1.15368  0.000926375
rec_dev_est(1996)    -0.757499 -0.000302362
rec_dev_est(1997)    -0.677498  -0.00127856
rec_dev_est(1998)    -0.334591 -0.000190705
rec_dev_est(1999)     -1.10254 -6.00886e-05
rec_dev_est(2000)     -1.56068 -0.000103815
rec_dev_est(2001)     0.630791 -2.13916e-05
rec_dev_est(2002)     0.349945  0.000440771
rec_dev_est(2003)     0.323656  -0.00115865
rec_dev_est(2004)     0.717496 -4.54042e-06
rec_dev_est(2005)    -0.764074  0.000503262
rec_dev_est(2006)     -1.06331   0.00111482
rec_dev_est(2007)     0.305729 -0.000166258
rec_dev_est(2008)      0.35258 -0.000670616
rec_dev_est(2009)     -1.04089  0.000106027
rec_dev_est(2010)     -1.01841  0.000572529
rec_dev_est(2011)    -0.988538   0.00146333
rec_dev_est(2012)    -0.328906 -0.000994008
rec_dev_est(2013)    -0.292971 -0.000715674
rec_dev_est(2014)      1.96209   3.9549e-07
rec_dev_est(2015)     0.348147 -0.000864653
rec_dev_est(2016)    -0.613357   0.00284507
rec_dev_est(2017)     -1.20953 -0.000759371
rec_dev_est(2018)      -1.3091 -0.000685602
rec_dev_est(2019)     -1.76041  -0.00041567
rec_dev_est(2020)     0.714793 -2.40295e-05
rec_dev_est(2021)     0.987666  -0.00299776
rec_dev_est(2022)      1.56871   0.00053812
rec_dev_est(2023)     0.124602  0.000360215
rec_dev_est(2024)    -0.303773 -0.000595672
rec_dev_est(2025)    -0.203965   5.8037e-05
