ParName   Value   Gradient
T_pars_est[3]      12.9926  0.000340959
T_pars_est[9]      9.16533  6.00626e-05
T_pars_est[10]      9.18342  -0.00202039
T_pars_est[11]      9.24365   0.00314628
T_pars_est[12]      9.41763  0.000750243
T_pars_est[13]      9.97804   0.00275952
T_pars_est[14]      10.6479  -0.00120367
T_pars_est[15]      11.2026  -0.00105567
T_pars_est[16]      11.4468  -0.00458743
T_pars_est[17]      11.5401  -0.00422469
T_pars_est[18]      11.5651  -0.00998035
T_pars_est[19]      11.5266   -0.0045384
T_pars_est[20]      11.2742   -0.0076267
T_pars_est[21]      10.9587   0.00274458
T_pars_est[22]      10.6901   0.00362916
T_pars_est[23]        10.76  -0.00145061
T_pars_est[24]      11.7989   -0.0013634
T_pars_est[25]      11.2683   0.00245208
T_pars_est[26]       10.284  -0.00148392
T_pars_est[27]       9.2138 -0.000904991
T_pars_est[28]      8.18149   0.00318621
T_pars_est[29]       7.3418   0.00404213
T_pars_est[30]      6.92959  -0.00233881
T_pars_est[31]      13.7486   0.00243256
T_pars_est[32]      13.3438  -0.00260846
T_pars_est[33]      12.7407  -0.00464158
T_pars_est[34]      12.8087   0.00657239
T_pars_est[35]      12.4411   0.00135802
T_pars_est[36]      12.5484 -0.000721827
T_pars_est[37]      12.2372   0.00183705
T_pars_est[38]      11.9579 -0.000436283
T_pars_est[39]      11.9019 -0.000393693
T_pars_est[40]      11.3872  -0.00349273
T_pars_est[41]      10.7466  -0.00155645
T_pars_est[42]      10.6468   0.00293074
T_pars_est[43]      10.7785   0.00264813
T_pars_est[44]      9.89848   0.00026409
T_pars_est[45]      8.57197   0.00315999
T_pars_est[46]      7.54246  0.000451242
T_pars_est[47]      6.79881  0.000148104
T_pars_est[48]      6.27526   -0.0014012
T_pars_est[49]      5.89483 -0.000438648
T_pars_est[50]      5.61471   0.00287731
T_pars_est[51]      5.42086  -0.00248099
T_pars_est[52]      5.32043  0.000827578
log_fbar[1]     0.210746 -0.000297133
log_fbar[2]     -4.57874  0.000288457
log_fdev[1](1)     -1.56934  5.99822e-05
log_fdev[1](2)     -1.81414 -0.000639798
log_fdev[1](3)     -1.17349  0.000416505
log_fdev[1](4)    -0.838538  0.000598254
log_fdev[1](5)    -0.740832 -0.000740975
log_fdev[1](6)    -0.452009 -0.000359397
log_fdev[1](7)    -0.429199   -0.0020791
log_fdev[1](8)    -0.441122   0.00101078
log_fdev[1](9)     0.571392  -0.00096009
log_fdev[1](10)     0.225394  -0.00173349
log_fdev[1](11)      0.69433  -0.00263973
log_fdev[1](12)     0.894203   0.00096667
log_fdev[1](13)     0.291928  7.61636e-05
log_fdev[1](14)     0.578934  -0.00067061
log_fdev[1](15)     0.530684  0.000923319
log_fdev[1](16)     0.340286 -6.30355e-05
log_fdev[1](17)      1.22132   0.00051431
log_fdev[1](18)    -0.289531 -0.000299585
log_fdev[1](19)    -0.395228   0.00154896
log_fdev[1](20)     0.185229  0.000284899
log_fdev[1](21)     0.338676   0.00138859
log_fdev[1](22)    -0.265148  -0.00177494
log_fdev[1](23)     -0.42708   0.00172482
log_fdev[1](24)    -0.760113  0.000657247
log_fdev[1](25)    -0.239134  0.000498226
log_fdev[1](26)     0.164607  0.000658733
log_fdev[1](27)   -0.0886792    0.0020364
log_fdev[1](28)    -0.588997   0.00161502
log_fdev[1](29)    -0.574323   0.00214261
log_fdev[1](30)    -0.142833   0.00058367
log_fdev[1](31)     0.245019    0.0027974
log_fdev[1](32)     0.613509  -0.00254759
log_fdev[1](33)      1.06104   0.00380168
log_fdev[1](34)      1.03244  -0.00275682
log_fdev[1](35)     0.597213  -0.00020232
log_fdev[1](36)     0.625497  0.000637174
log_fdev[1](37)      1.06638  -0.00114576
log_fdev[1](38)      0.81795   0.00108156
log_fdev[1](39)      1.27663   0.00203165
log_fdev[1](40)    -0.524506 -0.000429772
log_fdev[1](41)    -0.960014  0.000352312
log_fdev[1](42)    -0.658406  0.000143633
log_fdev[2](1)      0.03499  0.000403964
log_fdev[2](2)    0.0113595  -0.00199112
log_fdev[2](3)     -0.20112  -0.00344958
log_fdev[2](4)    -0.425802  -0.00121223
log_fdev[2](5)     -9.41336  0.000284608
log_fdev[2](6)     -5.33971   0.00229718
log_fdev[2](7)     -5.78738 -0.000935814
log_fdev[2](8)     -1.95619   0.00343259
log_fdev[2](9)    -0.636893   -0.0037161
log_fdev[2](10)      1.98249  -0.00117616
log_fdev[2](11)      1.56162  -0.00418982
log_fdev[2](12)       1.4909   0.00166365
log_fdev[2](13)      1.14388  -0.00295844
log_fdev[2](14)      1.64016   0.00266584
log_fdev[2](15)      1.36868   -0.0041214
log_fdev[2](16)     0.569018   0.00674701
log_fdev[2](17)     0.913542   -0.0065421
log_fdev[2](18)     0.288108  0.000765397
log_fdev[2](19)     0.479696   0.00255667
log_fdev[2](20)     0.485604   -0.0019567
log_fdev[2](21)     0.137537 -0.000817513
log_fdev[2](22)      0.15791  -0.00141599
log_fdev[2](23)     0.178184   0.00196169
log_fdev[2](24)   -0.0181295  -0.00520723
log_fdev[2](25)     0.662491   0.00643321
log_fdev[2](26)      0.45134   0.00340924
log_fdev[2](27)    -0.183224  -0.00617203
log_fdev[2](28)     0.249382   0.00590194
log_fdev[2](29)    -0.858072   0.00404187
log_fdev[2](30)    -0.750082   0.00261077
log_fdev[2](31)    -0.200673  0.000764417
log_fdev[2](32)     0.201774 -0.000342287
log_fdev[2](33)      1.77966 -0.000180405
log_fdev[2](34)      3.03374   0.00202304
log_fdev[2](35)    -0.579114  -0.00740634
log_fdev[2](36)     0.445855   0.00334898
log_fdev[2](37)      1.69636  -0.00253128
log_fdev[2](38)     0.773736    0.0027266
log_fdev[2](39)      1.24479   0.00160538
log_fdev[2](40)     0.907873  -0.00529127
log_fdev[2](41)   -0.0691999   0.00112741
log_fdev[2](42)     0.564728  0.000222298
log_fdev[2](43)     0.488044   0.00175741
log_fdev[2](44)       1.4755 -0.000730168
rec_dev_est(1982)     0.619791  9.26295e-05
rec_dev_est(1983)      1.01346 -0.000765107
rec_dev_est(1984)      1.76987   0.00131235
rec_dev_est(1985)       1.2942  -0.00195007
rec_dev_est(1986)    -0.440583   0.00036216
rec_dev_est(1987)     0.411479   -0.0030073
rec_dev_est(1988)    -0.267005   0.00662047
rec_dev_est(1989)    -0.343871   0.00167177
rec_dev_est(1990)      1.77573  -0.00199845
rec_dev_est(1991)      1.30974   0.00215182
rec_dev_est(1992)     -0.73512  -0.00145987
rec_dev_est(1993)    -0.924756  -0.00143373
rec_dev_est(1994)     -1.14412     0.001303
rec_dev_est(1995)     -1.16084   -0.0012546
rec_dev_est(1996)    -0.763059 -0.000461846
rec_dev_est(1997)    -0.682647   0.00179481
rec_dev_est(1998)    -0.328715  -0.00123865
rec_dev_est(1999)     -1.10874  0.000410488
rec_dev_est(2000)     -1.57123   0.00326411
rec_dev_est(2001)      0.61719 -0.000827323
rec_dev_est(2002)     0.347454  -0.00233115
rec_dev_est(2003)     0.317261    0.0022257
rec_dev_est(2004)     0.709734  -0.00105791
rec_dev_est(2005)    -0.769439  -0.00137069
rec_dev_est(2006)     -1.06918   0.00134378
rec_dev_est(2007)     0.298111  -0.00182747
rec_dev_est(2008)     0.345697   0.00336992
rec_dev_est(2009)     -1.04711  -0.00542247
rec_dev_est(2010)     -1.02392   0.00357737
rec_dev_est(2011)    -0.991924   0.00055073
rec_dev_est(2012)    -0.337782  -0.00348909
rec_dev_est(2013)    -0.299607 -0.000736435
rec_dev_est(2014)      1.95316  0.000639321
rec_dev_est(2015)     0.392417 -0.000399634
rec_dev_est(2016)    -0.565957 -7.89955e-05
rec_dev_est(2017)     -1.16528  0.000794172
rec_dev_est(2018)     -1.28097 -0.000624923
rec_dev_est(2019)     -1.70603 -8.23639e-05
rec_dev_est(2020)     0.720637  0.000845958
rec_dev_est(2021)     0.967609  -0.00017231
rec_dev_est(2022)      1.57527 -0.000373775
rec_dev_est(2023)     0.121409  0.000408725
rec_dev_est(2024)    -0.305622  6.49735e-05
rec_dev_est(2025)    -0.205098   8.9786e-05
