ParName   Value   Gradient
T_pars_est[2]       15.659  0.000624716
T_pars_est[3]       13.617  -0.00280289
T_pars_est[11]    -0.486646 -5.18793e-05
T_pars_est[12]    -0.737573  3.36119e-05
T_pars_est[13]    -0.684589  2.08604e-05
T_pars_est[14]    -0.296906 -5.38159e-06
T_pars_est[15]     0.260305 -1.46316e-05
T_pars_est[16]     0.762474  1.92414e-05
T_pars_est[17]      1.04273 -8.35718e-05
T_pars_est[18]      1.16467  6.43687e-05
T_pars_est[19]      1.27483  3.92285e-05
T_pars_est[20]      1.32126 -8.24504e-05
T_pars_est[21]      1.15889 -8.75145e-05
T_pars_est[22]     0.956811 -3.02779e-05
T_pars_est[23]     0.818332   -5.026e-05
T_pars_est[24]     0.846419 -3.01249e-05
T_pars_est[25]     0.805148 -8.21442e-06
T_pars_est[26]     0.396845  2.42402e-05
T_pars_est[27]    -0.379496 -2.74738e-05
T_pars_est[28]     -1.16916 -9.05588e-06
T_pars_est[29]     -1.44346 -3.68759e-05
T_pars_est[30]     -1.66976 -3.04392e-05
T_pars_est[31]     -1.64551  1.92366e-05
T_pars_est[32]     0.582365 -6.56751e-06
T_pars_est[33]      0.80511  -7.6971e-06
T_pars_est[34]      1.39348 -0.000130414
T_pars_est[35]      3.10158  8.16764e-05
T_pars_est[36]      3.51978  0.000317366
T_pars_est[37]      2.71954  0.000120626
T_pars_est[38]      2.48033  0.000171855
T_pars_est[39]      2.30541  5.38414e-05
T_pars_est[40]      2.22629   4.2947e-05
T_pars_est[41]      1.64291  -7.0619e-05
T_pars_est[42]     0.987085 -1.12442e-05
T_pars_est[43]     0.763469  2.69617e-06
T_pars_est[44]     0.607094 -4.09576e-05
T_pars_est[45]   -0.0475422 -2.13813e-05
T_pars_est[46]    -0.758273 -5.26982e-05
T_pars_est[47]     -1.19011  1.31402e-05
T_pars_est[48]     -1.37356  1.33779e-05
T_pars_est[49]     -1.54872 -1.82126e-05
T_pars_est[50]     -1.69331  2.13729e-05
T_pars_est[51]     -1.54847  4.16301e-05
T_pars_est[52]     -1.50371  8.07316e-05
T_pars_est[53]     -1.49602 -1.47334e-05
T_pars_est[54]    -0.278582  1.79419e-06
T_pars_est[55]    -0.301669 -8.97839e-06
T_pars_est[56]     -0.12171    1.882e-05
T_pars_est[57]       0.7637 -6.86063e-05
T_pars_est[58]      2.57967  3.35304e-05
T_pars_est[59]      3.68914 -0.000132801
T_pars_est[60]      3.19249 -0.000119897
T_pars_est[61]      1.94727  2.53165e-05
T_pars_est[62]     0.738476 -1.94504e-05
T_pars_est[63]     -0.32537 -1.39746e-05
T_pars_est[64]    -0.819398  4.54387e-05
T_pars_est[65]     -1.01625 -1.84616e-05
T_pars_est[66]     -1.06784 -4.74919e-05
T_pars_est[67]    -0.975567  -5.4047e-05
T_pars_est[68]    -0.986959 -2.29072e-05
T_pars_est[69]     -1.08426 -2.57274e-05
T_pars_est[70]     -1.20987 -3.64035e-05
T_pars_est[71]     -1.31465 -5.24459e-06
T_pars_est[72]     -1.42501 -4.59219e-06
T_pars_est[73]     -1.52528 -5.47714e-05
T_pars_est[74]     -1.58302 -6.50561e-05
T_pars_est[75]     -1.60224  -2.1746e-05
T_pars_est[76]    -0.107622 -1.83809e-05
T_pars_est[77]     0.133337  0.000144343
T_pars_est[78]      0.86663 -4.74564e-06
T_pars_est[79]     0.708636  0.000471674
T_pars_est[80]     0.342235 -0.000566979
T_pars_est[81]   -0.0380033   9.2131e-05
T_pars_est[82]    -0.309382  0.000117341
T_pars_est[83]    -0.879546  4.36697e-05
T_pars_est[84]     -1.39126 -3.53892e-05
T_pars_est[85]     -1.77641  4.83855e-05
T_pars_est[86]     -1.99388  4.58181e-05
T_pars_est[87]     -2.10148 -1.39103e-05
T_pars_est[88]     -2.27333  3.64522e-05
T_pars_est[89]     -2.63151 -2.29951e-05
T_pars_est[90]     -3.56915 -1.52943e-06
T_pars_est[91]     -5.79658  6.05603e-05
T_pars_est[92]      -10.332 -9.13268e-06
log_fbar[1]    0.0392355  0.000268105
log_fbar[2]     -5.52451  9.73616e-05
log_fdev[1](1)     -1.49217 -2.79229e-05
log_fdev[1](2)     -1.80372 -1.92379e-05
log_fdev[1](3)     -1.15025 -8.29811e-05
log_fdev[1](4)    -0.821389 -0.000117238
log_fdev[1](5)    -0.625818 -3.19527e-05
log_fdev[1](6)    -0.195957  9.62282e-05
log_fdev[1](7)    -0.302076  9.11362e-05
log_fdev[1](8)    -0.328332  0.000175901
log_fdev[1](9)     0.645057   0.00024401
log_fdev[1](10)     0.189373  0.000313456
log_fdev[1](11)     0.626654  0.000375941
log_fdev[1](12)     0.834838  3.30278e-07
log_fdev[1](13)     0.291811  -0.00013665
log_fdev[1](14)     0.606497 -0.000252804
log_fdev[1](15)     0.510103 -0.000210154
log_fdev[1](16)     0.295612 -2.50392e-05
log_fdev[1](17)      1.08587  0.000295438
log_fdev[1](18)    -0.345578 -0.000173107
log_fdev[1](19)     -0.42191 -0.000164127
log_fdev[1](20)     0.200808 -0.000437047
log_fdev[1](21)     0.155124 -0.000550426
log_fdev[1](22)    -0.543415 -4.32123e-05
log_fdev[1](23)    -0.675106  0.000252569
log_fdev[1](24)    -0.864493  0.000373701
log_fdev[1](25)    -0.379085  0.000190179
log_fdev[1](26)    -0.126519 -0.000220509
log_fdev[1](27)    -0.431059 -0.000455818
log_fdev[1](28)    -0.836132 -0.000104805
log_fdev[1](29)    -0.765914  4.32287e-05
log_fdev[1](30)    -0.257646 -6.79415e-05
log_fdev[1](31)     0.191866 -0.000261108
log_fdev[1](32)     0.560503 -3.13488e-05
log_fdev[1](33)      1.02528 -0.000156553
log_fdev[1](34)       1.0834  1.80498e-05
log_fdev[1](35)     0.673844  0.000459301
log_fdev[1](36)     0.749203  0.000400256
log_fdev[1](37)      1.39612  0.000232345
log_fdev[1](38)      1.56772  5.11841e-05
log_fdev[1](39)      1.28319 -5.56391e-05
log_fdev[1](40)     -0.66251  0.000187137
log_fdev[1](41)    -0.684542  4.41567e-05
log_fdev[1](42)    -0.259246  0.000456542
log_fdev[2](1)    0.0936103 -4.28143e-06
log_fdev[2](2)    0.0837133  8.63564e-05
log_fdev[2](3)    0.0020886  2.83065e-05
log_fdev[2](4)    -0.154197  5.29196e-05
log_fdev[2](5)     -9.07497  1.03549e-05
log_fdev[2](6)      -4.9702  -6.2783e-05
log_fdev[2](7)     -5.53613  8.20971e-05
log_fdev[2](8)     -1.74156    5.619e-06
log_fdev[2](9)    -0.505827 -1.22371e-05
log_fdev[2](10)      2.10389  7.71511e-05
log_fdev[2](11)      1.65493  3.92113e-05
log_fdev[2](12)      1.43456 -0.000104691
log_fdev[2](13)      1.05326 -2.85724e-05
log_fdev[2](14)      1.48651  7.44065e-05
log_fdev[2](15)       1.3243 -5.27663e-05
log_fdev[2](16)     0.653297 -8.11614e-06
log_fdev[2](17)     0.906382  1.52732e-05
log_fdev[2](18)     0.323349   1.1378e-05
log_fdev[2](19)     0.526641  1.02698e-05
log_fdev[2](20)     0.440339 -6.44352e-05
log_fdev[2](21)    -0.087212 -3.03751e-05
log_fdev[2](22)   -0.0263308 -3.80273e-06
log_fdev[2](23)     0.101056  9.53494e-05
log_fdev[2](24)  -0.00349871  5.07743e-05
log_fdev[2](25)     0.551161 -4.97404e-05
log_fdev[2](26)     0.238627 -7.15527e-05
log_fdev[2](27)    -0.372645  -5.9622e-05
log_fdev[2](28)     0.212613  5.56903e-05
log_fdev[2](29)    -0.808116  3.96639e-05
log_fdev[2](30)    -0.637725  8.29847e-06
log_fdev[2](31)    -0.197775 -1.94808e-05
log_fdev[2](32)    0.0750968   7.8625e-05
log_fdev[2](33)      1.65057  7.89509e-05
log_fdev[2](34)      2.89816  9.21279e-05
log_fdev[2](35)    -0.729627  4.95479e-05
log_fdev[2](36)     0.256031 -5.44232e-05
log_fdev[2](37)      1.76551   4.3016e-06
log_fdev[2](38)      1.03996  1.38208e-05
log_fdev[2](39)     0.997258 -1.70924e-05
log_fdev[2](40)     0.667747   1.0544e-05
log_fdev[2](41)   -0.0558054  5.89131e-05
log_fdev[2](42)     0.624614  6.13405e-05
log_fdev[2](43)     0.370273  5.16058e-05
log_fdev[2](44)      1.36607  5.96649e-05
log_foff[1]     -6.96981  0.000111837
log_fdov[1](1)      0.93234 -5.83957e-05
log_fdov[1](2)     0.927056  4.29035e-06
log_fdov[1](3)     0.514589  5.63092e-05
log_fdov[1](4)     0.450792 -2.70337e-05
log_fdov[1](5)      1.29913 -6.82255e-05
log_fdov[1](6)      1.45246  3.97894e-05
log_fdov[1](7)     0.937665 -3.92791e-05
log_fdov[1](8)     0.631991  -0.00012187
log_fdov[1](9)      3.17022  6.17007e-05
log_fdov[1](10)      1.82887   5.2393e-05
log_fdov[1](11)      1.97959   3.6459e-05
log_fdov[1](12)     0.898752  5.86787e-05
log_fdov[1](13)     0.894475   0.00011001
log_fdov[1](14)    -0.648114 -7.63621e-06
log_fdov[1](15)      1.15818  8.12977e-05
log_fdov[1](16)      1.57887 -1.50417e-05
log_fdov[1](17)     -1.58656  6.09898e-06
log_fdov[1](18)   -0.0658787 -3.40544e-05
log_fdov[1](19)     -2.17648 -3.60093e-05
log_fdov[1](20)     0.123886 -0.000103257
log_fdov[1](21)     -1.85262 -0.000150496
log_fdov[1](22)     -1.83601 -5.94448e-05
log_fdov[1](23)     -1.06686 -0.000106438
log_fdov[1](24)     -0.42522 -7.11543e-05
log_fdov[1](25)     -2.39851   7.4234e-05
log_fdov[1](26)      0.09058  1.85097e-05
log_fdov[1](27)     0.555093 -6.39569e-05
log_fdov[1](28)       0.8161 -3.56404e-06
log_fdov[1](29)     0.633496 -3.52003e-05
log_fdov[1](30)      2.77373 -3.41212e-05
log_fdov[1](31)     0.757796 -5.84468e-05
log_fdov[1](32)      1.12723  -4.2708e-05
log_fdov[1](33)      1.78041 -1.03541e-05
log_fdov[1](34)     0.977467 -8.48228e-05
log_fdov[1](35)     0.236202  5.91903e-05
log_fdov[1](36)   -0.0588618  0.000113985
log_fdov[1](37)    -0.894311  0.000186145
log_fdov[1](38)     -1.09583  0.000143513
log_fdov[1](39)     -4.15824  4.81455e-05
log_fdov[1](40)     -5.02908  8.81322e-05
log_fdov[1](41)     -5.89905 -2.93208e-05
log_fdov[1](42)     0.664659 -3.63825e-05
rec_dev_est(1982)      1.10162   0.00056947
rec_dev_est(1983)     0.248715  8.90882e-05
rec_dev_est(1984)      0.74175 -8.00737e-05
rec_dev_est(1985)       2.4792 -0.000791952
rec_dev_est(1986)      -0.1244 -6.12768e-05
rec_dev_est(1987)    0.0649709 -0.000765491
rec_dev_est(1988)    -0.541433 -0.000553857
rec_dev_est(1989)     -1.07529 -0.000232369
rec_dev_est(1990)      1.62879 -0.000618193
rec_dev_est(1991)      1.42854  -0.00120457
rec_dev_est(1992)    -0.238293   -3.649e-05
rec_dev_est(1993)    -0.497152 -0.000798878
rec_dev_est(1994)     -1.52458  -0.00023615
rec_dev_est(1995)    -0.703204 -7.38405e-05
rec_dev_est(1996)     0.219046 -0.000248657
rec_dev_est(1997)    -0.183049  0.000147691
rec_dev_est(1998)    -0.227042  0.000603316
rec_dev_est(1999)     -1.06539  0.000146701
rec_dev_est(2000)    -0.631174  0.000102654
rec_dev_est(2001)     0.075236 -0.000850685
rec_dev_est(2002)      1.64619 -0.000470231
rec_dev_est(2003)     0.130077  0.000141579
rec_dev_est(2004)     0.402433  8.32092e-05
rec_dev_est(2005)    -0.709924 -6.11087e-05
rec_dev_est(2006)    -0.737309  0.000145296
rec_dev_est(2007)    -0.185394   0.00026673
rec_dev_est(2008)      1.54316   0.00145398
rec_dev_est(2009)    -0.179039  0.000293814
rec_dev_est(2010)    -0.344623  0.000644655
rec_dev_est(2011)     -1.14708  0.000169129
rec_dev_est(2012)    -0.859788 -3.78718e-05
rec_dev_est(2013)     0.316829 -0.000174777
rec_dev_est(2014)      0.35294 -0.000408356
rec_dev_est(2015)      -0.3178  0.000331537
rec_dev_est(2016)     0.244973  0.000180572
rec_dev_est(2017)     -1.41567  1.66222e-05
rec_dev_est(2018)     -1.15642  4.62251e-05
rec_dev_est(2019)    -0.746177 -1.87302e-05
rec_dev_est(2020)     0.349148  0.000626516
rec_dev_est(2021)      1.23699  0.000211502
rec_dev_est(2022)      1.25454  9.43711e-05
rec_dev_est(2023)    -0.789543 -0.000122611
rec_dev_est(2024)      -1.7937 -3.69673e-05
rec_dev_est(2025)     -1.93749 -9.95611e-06
logit_rec_prop_est(1982)      3.89877  0.000892742
logit_rec_prop_est(1983)      3.98884  9.99445e-06
logit_rec_prop_est(1984)      5.07842 -8.93556e-05
logit_rec_prop_est(1985)      -0.5959  -0.00397543
logit_rec_prop_est(1986)     -3.94939 -0.000595087
logit_rec_prop_est(1987)      2.52346  -0.00282937
logit_rec_prop_est(1988)      3.67475 -0.000900793
logit_rec_prop_est(1989)      1.67839 -0.000223938
logit_rec_prop_est(1990)    -0.352946  -0.00369798
logit_rec_prop_est(1991)      1.90986 -0.000576091
logit_rec_prop_est(1992)     -1.01711  -0.00062316
logit_rec_prop_est(1993)      1.37845  -0.00098766
logit_rec_prop_est(1994)      1.74656  -0.00041778
logit_rec_prop_est(1995)     -3.34399 -0.000566713
logit_rec_prop_est(1996)    -0.762756 -0.000495476
logit_rec_prop_est(1997)     -0.21738  0.000997813
logit_rec_prop_est(1998)     0.500778    0.0026928
logit_rec_prop_est(1999)      1.15332  0.000794838
logit_rec_prop_est(2000)     -4.81574  4.37979e-05
logit_rec_prop_est(2001)      2.84373 -0.000264362
logit_rec_prop_est(2002)     -1.03355  -0.00205736
logit_rec_prop_est(2003)     0.283215 -0.000351314
logit_rec_prop_est(2004)      2.40544   0.00147411
logit_rec_prop_est(2005)       2.1463  0.000403686
logit_rec_prop_est(2006)     -3.16873  0.000165518
logit_rec_prop_est(2007)     0.663086   0.00174437
logit_rec_prop_est(2008)       -1.297   0.00746595
logit_rec_prop_est(2009)     -1.37214   0.00160245
logit_rec_prop_est(2010)    -0.392608   0.00270739
logit_rec_prop_est(2011)     0.219403  0.000798534
logit_rec_prop_est(2012)     0.708107 -0.000163388
logit_rec_prop_est(2013)     -1.58425  -0.00162286
logit_rec_prop_est(2014)     0.336173  -0.00405198
logit_rec_prop_est(2015)     0.216142  0.000341147
logit_rec_prop_est(2016)     -3.40003  0.000670584
logit_rec_prop_est(2017)     -5.16736  0.000162677
logit_rec_prop_est(2018)      -5.2674  3.19182e-05
logit_rec_prop_est(2019)     -3.34179  0.000139128
logit_rec_prop_est(2020)    -0.227458  0.000710804
logit_rec_prop_est(2021)    -0.473777   0.00111217
logit_rec_prop_est(2022)      -0.6887 -0.000136936
logit_rec_prop_est(2023)      1.26506  8.49895e-05
logit_rec_prop_est(2024)       2.2047 -5.53571e-05
logit_rec_prop_est(2025)      1.64704  0.000159171
