ParName   Value   Gradient
T_pars_est[2]      15.6453 -0.000950948
T_pars_est[3]      13.7903   0.00305206
T_pars_est[11]   -0.0837056  1.30848e-05
T_pars_est[12]    -0.143725 -1.43897e-05
T_pars_est[13]    -0.170245 -2.26432e-05
T_pars_est[14]     0.145584 -1.35418e-05
T_pars_est[15]     0.580497  2.18682e-05
T_pars_est[16]     0.977467  2.67954e-05
T_pars_est[17]      1.14784  2.82064e-05
T_pars_est[18]      1.17492  4.48183e-06
T_pars_est[19]      1.17432  2.89412e-05
T_pars_est[20]      1.15348 -2.49685e-05
T_pars_est[21]     0.988501  3.23614e-05
T_pars_est[22]     0.834346  2.56428e-05
T_pars_est[23]      0.76104  8.87296e-06
T_pars_est[24]     0.880678  5.79539e-05
T_pars_est[25]     0.930699 -0.000109287
T_pars_est[26]     0.384615  1.98747e-07
T_pars_est[27]    -0.425371 -6.84499e-05
T_pars_est[28]     -1.22592 -6.46149e-05
T_pars_est[29]     -1.53113 -1.93847e-05
T_pars_est[30]     -1.74817 -1.79997e-05
T_pars_est[31]     -1.64859 -3.28087e-05
T_pars_est[32]      1.00529   1.1214e-05
T_pars_est[33]      1.38142 -5.09541e-05
T_pars_est[34]      2.06323 -1.74192e-05
T_pars_est[35]      3.46447  3.91639e-05
T_pars_est[36]      2.63857 -1.45133e-05
T_pars_est[37]      2.70398 -4.06972e-05
T_pars_est[38]      2.40855 -1.12832e-05
T_pars_est[39]      2.15765 -6.30603e-05
T_pars_est[40]      2.06227 -3.03235e-05
T_pars_est[41]      1.56572 -5.27395e-05
T_pars_est[42]     0.982596 -3.52516e-05
T_pars_est[43]     0.765605 -2.99621e-05
T_pars_est[44]     0.518159 -8.03575e-05
T_pars_est[45]    -0.241208  9.50807e-06
T_pars_est[46]    -0.946299  6.91829e-06
T_pars_est[47]     -1.31896 -4.03419e-05
T_pars_est[48]     -1.49247 -2.16782e-05
T_pars_est[49]     -1.64666 -1.78071e-05
T_pars_est[50]     -1.78324 -2.93639e-05
T_pars_est[51]     -1.67086 -4.92029e-05
T_pars_est[52]     -1.63116 -4.64379e-05
T_pars_est[53]     -1.60528 -3.23288e-05
T_pars_est[54]     0.127553 -1.98505e-05
T_pars_est[55]     0.198746 -2.18656e-05
T_pars_est[56]     0.450132  6.93462e-06
T_pars_est[57]     0.998484 -2.15453e-06
T_pars_est[58]      2.27864  9.13038e-05
T_pars_est[59]      3.02556  0.000108431
T_pars_est[60]      2.79584 -1.36054e-05
T_pars_est[61]      1.76278  3.76537e-05
T_pars_est[62]     0.682232  1.53717e-05
T_pars_est[63]    -0.239968  2.99272e-05
T_pars_est[64]    -0.723458 -1.45995e-05
T_pars_est[65]    -0.978439   2.4184e-05
T_pars_est[66]     -1.14508   1.5957e-05
T_pars_est[67]     -1.06111  3.05954e-05
T_pars_est[68]     -1.06454  1.85738e-05
T_pars_est[69]     -1.16431  1.34596e-05
T_pars_est[70]     -1.28965  1.08634e-05
T_pars_est[71]     -1.40517  3.75585e-06
T_pars_est[72]     -1.51263  6.36492e-06
T_pars_est[73]        -1.62  1.76946e-05
T_pars_est[74]     -1.69241  4.19541e-05
T_pars_est[75]     -1.73083  4.30975e-05
T_pars_est[76]     0.119135  1.53436e-05
T_pars_est[77]    0.0621181  2.30497e-05
T_pars_est[78]    -0.181161  1.15489e-05
T_pars_est[79]    -0.363723  4.87967e-06
T_pars_est[80]   -0.0674798 -4.90425e-06
T_pars_est[81]     0.568851  5.16364e-05
T_pars_est[82]    -0.146721 -4.60276e-05
T_pars_est[83]    -0.988172    3.949e-06
T_pars_est[84]     -1.51554    4.144e-05
T_pars_est[85]     -1.80692 -6.68907e-06
T_pars_est[86]      -2.0337  4.19307e-05
T_pars_est[87]     -2.19927 -1.55842e-05
T_pars_est[88]     -2.40577  2.70272e-05
T_pars_est[89]     -2.76188  2.78925e-05
T_pars_est[90]     -3.65942  1.49199e-05
T_pars_est[91]     -5.84379 -1.73829e-06
T_pars_est[92]     -10.3516  2.13792e-05
G_pars_est[1]   0.00907399  0.000316012
G_pars_est[2]    -0.256086 -0.000556305
G_pars_est[4]     -4.56407   1.3716e-05
G_pars_est[5]    -0.417909 -0.000319747
S_pars_est[5]     -3.31395  1.71113e-05
S_pars_est[6]     -2.92023 -1.33743e-05
S_pars_est[7]     -2.57526 -8.28503e-06
S_pars_est[8]     -1.64968 -3.36735e-06
S_pars_est[9]     -1.56997  3.54781e-06
S_pars_est[10]     -1.38007  8.20975e-06
S_pars_est[11]     -1.05517  1.67701e-05
S_pars_est[12]     -0.98702 -2.06645e-05
S_pars_est[13]     -1.06091  2.28343e-05
S_pars_est[14]    -0.990682  1.28774e-05
S_pars_est[15]    -0.905102  2.20371e-05
S_pars_est[16]    -0.867435  2.46704e-06
S_pars_est[17]    -0.855019  7.25405e-06
S_pars_est[18]    -0.790309 -6.93209e-06
S_pars_est[19]     -0.80549 -3.65658e-06
S_pars_est[20]    -0.812751  7.11884e-06
S_pars_est[21]    -0.706659   2.5905e-06
S_pars_est[22]    -0.551928  2.03262e-06
S_pars_est[23]    -0.425685 -4.03655e-07
S_pars_est[24]     -0.30656 -4.11542e-07
S_pars_est[25]    -0.243641 -7.00003e-06
S_pars_est[26]    -0.511295 -4.94069e-06
S_pars_est[27]     -3.76774 -5.10636e-06
S_pars_est[28]     -3.20592 -1.92874e-05
S_pars_est[29]     -2.35603 -3.83777e-05
S_pars_est[30]     -1.70516  1.65999e-06
S_pars_est[31]     -1.55424 -1.57335e-05
S_pars_est[32]     -1.35015  1.57248e-06
S_pars_est[33]     -1.14012  1.01283e-05
S_pars_est[34]     -1.05574  2.95352e-05
S_pars_est[35]      -1.1066  3.34819e-05
S_pars_est[36]     -1.09785  1.19735e-05
S_pars_est[37]     -1.03969  1.75678e-05
S_pars_est[38]     -0.96143 -9.47079e-06
S_pars_est[39]    -0.909927 -2.96872e-05
S_pars_est[40]    -0.776992  1.26971e-05
S_pars_est[41]    -0.569841 -3.74993e-06
S_pars_est[42]    -0.354475  9.71499e-06
S_pars_est[43]    -0.253275  3.70393e-05
S_pars_est[44]    -0.188604 -6.02457e-08
S_pars_est[45]    -0.162609   5.0461e-06
S_pars_est[46]    -0.123292  9.63867e-06
S_pars_est[47]    -0.077555  1.34414e-05
S_pars_est[48]   -0.0671317 -2.96882e-06
S_pars_est[51]      -3.3249  1.60576e-05
S_pars_est[52]     -2.67929 -5.14351e-06
S_pars_est[53]       -2.644  1.89365e-05
S_pars_est[54]     -1.44572 -3.94146e-05
S_pars_est[55]    -0.671498  2.34712e-05
S_pars_est[56]     -0.31899 -2.17315e-05
S_pars_est[57]    -0.580345   1.8796e-05
S_pars_est[58]     -0.75389 -8.33025e-06
S_pars_est[59]    -0.947192  4.85212e-06
S_pars_est[60]     -1.26833 -1.79711e-06
S_pars_est[61]     -1.23133  1.16821e-05
S_pars_est[62]     -1.07921 -6.85001e-06
S_pars_est[63]    -0.982531  8.37189e-06
S_pars_est[64]     -0.89154  1.28932e-05
S_pars_est[65]     -0.78725  2.38458e-06
S_pars_est[66]    -0.680734 -8.09288e-06
S_pars_est[67]    -0.570399 -3.11453e-06
S_pars_est[68]    -0.457959 -5.80432e-06
S_pars_est[69]    -0.342097  2.38018e-06
S_pars_est[70]    -0.223523  9.90333e-08
S_pars_est[71]    -0.107623 -1.35126e-06
S_pars_est[73]     -3.78084 -1.80908e-05
S_pars_est[74]     -2.97017  2.97412e-05
S_pars_est[75]     -2.49941 -6.68951e-05
S_pars_est[76]     -1.12561  5.96777e-05
S_pars_est[77]    -0.622914 -1.15162e-05
S_pars_est[78]    -0.272244  3.51956e-05
S_pars_est[79]    -0.433392  1.63021e-06
S_pars_est[80]     -1.15327  3.03396e-05
S_pars_est[81]     -1.28467 -1.06323e-05
S_pars_est[82]     -1.66073 -1.17172e-06
S_pars_est[83]      -1.7839  2.06486e-06
S_pars_est[84]     -1.22835  4.53427e-06
S_pars_est[85]    -0.853184 -5.77876e-06
S_pars_est[86]      -0.7793  2.76545e-06
S_pars_est[87]    -0.710726 -3.22895e-06
S_pars_est[88]    -0.623323  4.82359e-06
S_pars_est[89]    -0.524124   2.0086e-06
S_pars_est[90]     -0.41985   1.9074e-06
S_pars_est[91]    -0.311223  1.79327e-07
S_pars_est[92]    -0.197116  2.95365e-06
S_pars_est[93]   -0.0804041  1.55247e-05
log_fbar[1]    0.0414745  0.000652002
log_fbar[2]     -5.51625  0.000114896
log_fdev[1](1)     -1.61202 -1.94339e-06
log_fdev[1](2)     -1.91722 -6.74298e-05
log_fdev[1](3)     -1.24303 -2.31233e-05
log_fdev[1](4)    -0.853495 -4.00618e-05
log_fdev[1](5)    -0.657157 -0.000100681
log_fdev[1](6)    -0.192479 -8.11337e-05
log_fdev[1](7)    -0.229797 -9.33531e-05
log_fdev[1](8)    -0.314192  1.43592e-05
log_fdev[1](9)     0.660696 -4.50084e-05
log_fdev[1](10)     0.242923 -1.08006e-05
log_fdev[1](11)     0.674888 -7.77928e-05
log_fdev[1](12)      0.88673 -8.55583e-05
log_fdev[1](13)     0.328689  0.000119312
log_fdev[1](14)     0.567462 -9.74258e-05
log_fdev[1](15)     0.511754   -9.968e-05
log_fdev[1](16)     0.327825  0.000133837
log_fdev[1](17)      1.12676  0.000404836
log_fdev[1](18)    -0.306744 -6.81389e-05
log_fdev[1](19)    -0.396158 -5.79259e-05
log_fdev[1](20)     0.148109 -4.20407e-05
log_fdev[1](21)     0.228254   -0.0001795
log_fdev[1](22)    -0.483485 -0.000127741
log_fdev[1](23)    -0.604396  0.000238681
log_fdev[1](24)    -0.868972  0.000273884
log_fdev[1](25)     -0.42208  2.17166e-05
log_fdev[1](26)    -0.091853  0.000145454
log_fdev[1](27)    -0.344995 -0.000131444
log_fdev[1](28)    -0.768909 -0.000176687
log_fdev[1](29)    -0.684719  6.70126e-05
log_fdev[1](30)    -0.178609  0.000211662
log_fdev[1](31)      0.23264  0.000231548
log_fdev[1](32)     0.598055  6.49538e-05
log_fdev[1](33)      1.09004  1.29013e-05
log_fdev[1](34)      1.11357 -0.000129394
log_fdev[1](35)     0.696619  9.79485e-05
log_fdev[1](36)     0.786891  0.000173967
log_fdev[1](37)      1.41637 -2.77094e-05
log_fdev[1](38)      1.58685 -5.20196e-05
log_fdev[1](39)      1.27653 -6.88696e-05
log_fdev[1](40)    -0.769873  0.000136438
log_fdev[1](41)    -0.981529  0.000175338
log_fdev[1](42)    -0.579945  0.000430875
log_fdev[2](1)   -0.0099341  1.59223e-05
log_fdev[2](2)   -0.0186408 -8.25726e-07
log_fdev[2](3)   -0.0845636 -2.17777e-06
log_fdev[2](4)    -0.199155  1.47348e-05
log_fdev[2](5)     -9.10764 -4.06144e-06
log_fdev[2](6)     -4.96616   1.4142e-05
log_fdev[2](7)     -5.50087  4.00762e-06
log_fdev[2](8)     -1.74897  2.44986e-05
log_fdev[2](9)    -0.514032  2.84378e-05
log_fdev[2](10)      2.11914  6.18265e-05
log_fdev[2](11)      1.65484  7.31757e-05
log_fdev[2](12)      1.44782  5.26929e-05
log_fdev[2](13)      1.06679  2.98222e-05
log_fdev[2](14)      1.47887  3.52137e-05
log_fdev[2](15)      1.33092  3.91142e-05
log_fdev[2](16)      0.66851   2.7843e-05
log_fdev[2](17)     0.915434  -3.5978e-05
log_fdev[2](18)     0.335177 -2.93129e-05
log_fdev[2](19)      0.52699 -4.67138e-06
log_fdev[2](20)     0.418205 -2.80525e-05
log_fdev[2](21)   -0.0532407  2.11016e-05
log_fdev[2](22)    0.0106778  8.83737e-05
log_fdev[2](23)     0.143232  8.46184e-05
log_fdev[2](24)    0.0343099  1.78894e-05
log_fdev[2](25)     0.576794  4.29644e-06
log_fdev[2](26)     0.281451  4.76361e-06
log_fdev[2](27)    -0.309796  1.75621e-05
log_fdev[2](28)     0.267735  7.49408e-06
log_fdev[2](29)    -0.741417   2.4369e-05
log_fdev[2](30)    -0.564326  2.39937e-05
log_fdev[2](31)    -0.137516  2.45899e-05
log_fdev[2](32)     0.142364  1.56128e-05
log_fdev[2](33)      1.71492  2.45096e-05
log_fdev[2](34)      2.93686 -1.99311e-05
log_fdev[2](35)    -0.694269 -6.88008e-06
log_fdev[2](36)     0.395527   3.2974e-05
log_fdev[2](37)       1.7827  9.91908e-06
log_fdev[2](38)      1.00837  2.05041e-05
log_fdev[2](39)     0.943742 -2.55451e-06
log_fdev[2](40)      0.59257 -3.82153e-06
log_fdev[2](41)    -0.208643 -1.24137e-05
log_fdev[2](42)     0.448755 -2.14538e-05
log_fdev[2](43)     0.287012  9.02978e-06
log_fdev[2](44)      1.32946  7.14445e-05
log_foff[1]     -7.02232  0.000447619
log_fdov[1](1)      1.04091  3.23582e-05
log_fdov[1](2)     0.981041   9.1129e-06
log_fdov[1](3)      0.55943 -1.75068e-05
log_fdov[1](4)     0.434642  4.98413e-05
log_fdov[1](5)      1.27414  4.89335e-05
log_fdov[1](6)      1.37395  1.19873e-05
log_fdov[1](7)      0.77038 -5.82038e-05
log_fdov[1](8)     0.463931 -4.06677e-05
log_fdov[1](9)      2.88873 -4.50105e-05
log_fdov[1](10)      1.41193 -7.26836e-05
log_fdov[1](11)       1.5144 -0.000167107
log_fdov[1](12)     0.639117 -0.000142829
log_fdov[1](13)     0.992478   4.1614e-05
log_fdov[1](14)    -0.409218 -2.65695e-05
log_fdov[1](15)      1.28401 -3.56746e-05
log_fdov[1](16)      1.53371  1.80755e-05
log_fdov[1](17)     -1.68703  4.38708e-05
log_fdov[1](18)   -0.0919164  5.24464e-05
log_fdov[1](19)     -2.13556  3.56035e-05
log_fdov[1](20)     0.263755  7.51457e-05
log_fdov[1](21)     -1.95973  9.62212e-05
log_fdov[1](22)     -1.98781  8.44649e-06
log_fdov[1](23)     -1.17186  0.000112709
log_fdov[1](24)      -0.3849  9.77389e-05
log_fdov[1](25)     -2.28192  5.51122e-05
log_fdov[1](26)    0.0995091  5.50855e-05
log_fdov[1](27)     0.430713  -1.3732e-05
log_fdov[1](28)     0.663717  3.42708e-05
log_fdov[1](29)     0.467729  0.000137203
log_fdov[1](30)      2.81227  0.000110326
log_fdov[1](31)      1.08848  7.42886e-05
log_fdov[1](32)      1.48853 -1.41301e-05
log_fdov[1](33)      2.05052 -4.21548e-05
log_fdov[1](34)      1.14337  -5.1843e-05
log_fdov[1](35)     0.364675  2.16129e-05
log_fdov[1](36)     0.111535  8.63974e-05
log_fdov[1](37)    -0.903302 -1.11414e-05
log_fdov[1](38)        -1.27 -1.93767e-05
log_fdov[1](39)     -4.28008  1.78077e-05
log_fdov[1](40)     -5.03969  4.40982e-05
log_fdov[1](41)     -5.60441 -3.19617e-05
log_fdov[1](42)      1.05982   1.5575e-05
rec_dev_est(1982)     0.940087  0.000160232
rec_dev_est(1983)     0.177275  0.000135435
rec_dev_est(1984)      0.93714  0.000368871
rec_dev_est(1985)      2.37303  0.000405061
rec_dev_est(1986)     0.366359  4.16174e-05
rec_dev_est(1987)     0.502723  5.62913e-05
rec_dev_est(1988)    -0.368059   1.9541e-05
rec_dev_est(1989)    -0.490899  -1.0429e-05
rec_dev_est(1990)     0.985099  -0.00027565
rec_dev_est(1991)      1.14411 -0.000651241
rec_dev_est(1992)    -0.403734 -0.000166456
rec_dev_est(1993)     -0.11979 -0.000261296
rec_dev_est(1994)    -0.942529  2.43611e-05
rec_dev_est(1995)     -1.22947 -0.000302466
rec_dev_est(1996)    -0.109975 -7.45713e-05
rec_dev_est(1997)    -0.609854  0.000190354
rec_dev_est(1998)    -0.176384  0.000322821
rec_dev_est(1999)    -0.490841 -1.27629e-05
rec_dev_est(2000)      -1.5049  1.34643e-05
rec_dev_est(2001)     0.216435 -2.33891e-05
rec_dev_est(2002)      1.34909  0.000394809
rec_dev_est(2003)   -0.0479333 -8.22865e-05
rec_dev_est(2004)     0.334093  0.000220662
rec_dev_est(2005)    -0.556366  0.000121066
rec_dev_est(2006)     -1.20031  0.000162829
rec_dev_est(2007)     0.192188  0.000101405
rec_dev_est(2008)     0.731991  8.66257e-05
rec_dev_est(2009)     -0.84481  2.72643e-05
rec_dev_est(2010)    -0.516763  3.13023e-05
rec_dev_est(2011)    -0.736384  4.20149e-05
rec_dev_est(2012)    -0.243154 -0.000147559
rec_dev_est(2013)    -0.708863  6.52106e-05
rec_dev_est(2014)     0.468199 -0.000149484
rec_dev_est(2015)     0.397936  0.000336229
rec_dev_est(2016)    -0.210181  0.000104428
rec_dev_est(2017)     -1.36757  -2.0376e-05
rec_dev_est(2018)     -1.44088  4.62386e-06
rec_dev_est(2019)     -1.39444  7.45441e-05
rec_dev_est(2020)     0.706417  0.000445283
rec_dev_est(2021)     0.684113  7.78013e-05
rec_dev_est(2022)      1.47211  9.33304e-05
rec_dev_est(2023)    -0.419449  7.74488e-06
rec_dev_est(2024)    -0.956923 -2.06167e-05
rec_dev_est(2025)    -0.565953 -7.67396e-05
logit_rec_prop_est(1982)      3.57294  0.000231364
logit_rec_prop_est(1983)      3.35353  0.000324011
logit_rec_prop_est(1984)       3.1806  0.000346752
logit_rec_prop_est(1985)    -0.908913   0.00566155
logit_rec_prop_est(1986)     -2.95444  0.000401786
logit_rec_prop_est(1987)    0.0583068  0.000119231
logit_rec_prop_est(1988)     0.274602 -0.000113543
logit_rec_prop_est(1989)     0.814762 -0.000527507
logit_rec_prop_est(1990)      2.15042 -4.09643e-05
logit_rec_prop_est(1991)      1.94495  -0.00128993
logit_rec_prop_est(1992)     -1.14349  -0.00131461
logit_rec_prop_est(1993)    -0.576634   -0.0016918
logit_rec_prop_est(1994)     -1.14701 -0.000866803
logit_rec_prop_est(1995)      1.56518 -0.000669951
logit_rec_prop_est(1996)      -1.9148  -0.00129315
logit_rec_prop_est(1997)      2.79889  0.000469596
logit_rec_prop_est(1998)    -0.658017    0.0010538
logit_rec_prop_est(1999)     -0.18661  0.000341134
logit_rec_prop_est(2000)     -1.30168 -0.000280676
logit_rec_prop_est(2001)      1.87835  0.000128369
logit_rec_prop_est(2002)     -1.23005  -0.00118875
logit_rec_prop_est(2003)      1.42225 -0.000759827
logit_rec_prop_est(2004)      1.07299 -0.000328655
logit_rec_prop_est(2005)    -0.256166 -3.50804e-05
logit_rec_prop_est(2006)    -0.107425  1.97994e-05
logit_rec_prop_est(2007)    -0.148853 -0.000469531
logit_rec_prop_est(2008)    -0.403576  0.000500829
logit_rec_prop_est(2009)    -0.825619  0.000184997
logit_rec_prop_est(2010)    -0.411665  0.000472536
logit_rec_prop_est(2011)    -0.710283  0.000205121
logit_rec_prop_est(2012)    -0.747688 -0.000669218
logit_rec_prop_est(2013)    0.0432471 -0.000569815
logit_rec_prop_est(2014)    0.0126754 -5.73155e-05
logit_rec_prop_est(2015)     -1.25399  0.000874834
logit_rec_prop_est(2016)     -3.03692 -5.97806e-05
logit_rec_prop_est(2017)     -3.64652  8.40473e-05
logit_rec_prop_est(2018)     -3.41709  3.64099e-05
logit_rec_prop_est(2019)     -1.82918  0.000249444
logit_rec_prop_est(2020)    -0.320216   0.00172894
logit_rec_prop_est(2021)     0.582725  0.000315909
logit_rec_prop_est(2022)    -0.560204 -7.97724e-05
logit_rec_prop_est(2023)      2.27017  3.90854e-05
logit_rec_prop_est(2024)      2.15566  8.55337e-05
logit_rec_prop_est(2025)     0.544785   0.00035769
