ParName   Value   Gradient
T_pars_est[2]      15.7635   -0.0035085
T_pars_est[3]      13.5181   0.00534758
T_pars_est[11]    -0.518139 -2.94813e-05
T_pars_est[12]    -0.777905  7.97207e-06
T_pars_est[13]    -0.737193 -1.27701e-05
T_pars_est[14]    -0.385079 -1.04679e-05
T_pars_est[15]     0.143691  1.98984e-06
T_pars_est[16]     0.689986  7.80997e-07
T_pars_est[17]     0.991641  4.55397e-05
T_pars_est[18]       1.0903  2.31248e-05
T_pars_est[19]       1.1902  6.63389e-05
T_pars_est[20]      1.23854  7.18075e-05
T_pars_est[21]      1.07555  3.99029e-05
T_pars_est[22]      0.87487  6.99811e-05
T_pars_est[23]     0.744377  0.000242645
T_pars_est[24]     0.790779  0.000536824
T_pars_est[25]     0.769736  0.000511705
T_pars_est[26]     0.332955  0.000191227
T_pars_est[27]    -0.446062 -4.41445e-05
T_pars_est[28]     -1.23654  6.44469e-05
T_pars_est[29]      -1.5188 -9.65505e-05
T_pars_est[30]     -1.75403 -4.90403e-05
T_pars_est[31]     -1.73335  8.61304e-06
T_pars_est[32]       1.0283  2.98975e-05
T_pars_est[33]      1.29488  5.48781e-05
T_pars_est[34]      2.43607  2.45945e-05
T_pars_est[35]      3.29505 -7.48108e-05
T_pars_est[36]      3.30008 -0.000394271
T_pars_est[37]      2.66995  0.000216695
T_pars_est[38]      2.42817  0.000357585
T_pars_est[39]      2.24675  0.000459125
T_pars_est[40]      2.15915  0.000401842
T_pars_est[41]      1.54788 -0.000113008
T_pars_est[42]     0.892736  0.000719425
T_pars_est[43]     0.671485  0.000529497
T_pars_est[44]     0.516812  2.65739e-05
T_pars_est[45]    -0.132133 -4.43586e-05
T_pars_est[46]    -0.840959  6.05022e-05
T_pars_est[47]      -1.2702  2.64616e-05
T_pars_est[48]     -1.45794  0.000223906
T_pars_est[49]     -1.63007 -0.000335343
T_pars_est[50]     -1.77136  0.000172266
T_pars_est[51]     -1.62977  0.000131238
T_pars_est[52]     -1.58564  0.000102835
T_pars_est[53]     -1.57763  0.000113339
T_pars_est[54]     -0.22209  3.26766e-05
T_pars_est[55]    -0.259083  5.71566e-06
T_pars_est[56]    -0.162249  1.57376e-05
T_pars_est[57]     0.683554 -3.65759e-05
T_pars_est[58]      2.26888  8.59355e-05
T_pars_est[59]      3.66789 -9.50505e-05
T_pars_est[60]      3.24721 -0.000139612
T_pars_est[61]      2.01039 -0.000111371
T_pars_est[62]     0.836598 -4.47301e-05
T_pars_est[63]      -0.1448 -7.16828e-05
T_pars_est[64]    -0.682957 -3.95476e-05
T_pars_est[65]    -0.901703 -0.000115513
T_pars_est[66]    -0.955036 -7.92974e-05
T_pars_est[67]    -0.853901 -0.000156989
T_pars_est[68]     -0.86708 -0.000215894
T_pars_est[69]    -0.968742 -0.000120361
T_pars_est[70]     -1.09953  8.56162e-05
T_pars_est[71]     -1.20583  1.59708e-05
T_pars_est[72]      -1.3254 -0.000410255
T_pars_est[73]     -1.43281 -0.000315929
T_pars_est[74]      -1.4929 -0.000204406
T_pars_est[75]     -1.51284 -0.000328013
T_pars_est[76]    -0.167299  6.46603e-05
T_pars_est[77]   -0.0169736 -5.19613e-06
T_pars_est[78]     0.171957 -6.27785e-05
T_pars_est[79]    -0.249181  5.35387e-05
T_pars_est[80]     0.358494  4.94421e-05
T_pars_est[81]     0.574431  3.72256e-05
T_pars_est[82]     0.227315 -0.000152271
T_pars_est[83]    -0.668301 -2.25795e-05
T_pars_est[84]     -1.31788 -4.85061e-05
T_pars_est[85]     -1.75493 -6.42378e-05
T_pars_est[86]     -1.98568  -0.00013542
T_pars_est[87]      -2.0928 -0.000177975
T_pars_est[88]      -2.2605 -0.000157516
T_pars_est[89]     -2.61155 -0.000248113
T_pars_est[90]     -3.54774 -0.000274681
T_pars_est[91]     -5.78413   -0.0002896
T_pars_est[92]     -10.3268 -0.000229294
log_fbar[1]     0.015644  0.000801183
log_fbar[2]     -5.52737 -0.000110007
log_fdev[1](1)     -1.51208 -0.000361221
log_fdev[1](2)     -1.81724 -0.000820035
log_fdev[1](3)     -1.16756 -0.000107341
log_fdev[1](4)     -0.84742  9.19605e-05
log_fdev[1](5)    -0.694616  0.000480105
log_fdev[1](6)    -0.209272  0.000291017
log_fdev[1](7)    -0.151522 -1.28929e-05
log_fdev[1](8)    -0.154942 -0.000125197
log_fdev[1](9)     0.801002   2.0545e-05
log_fdev[1](10)     0.275984   8.5357e-05
log_fdev[1](11)     0.664774  0.000366907
log_fdev[1](12)     0.860227  6.92327e-05
log_fdev[1](13)     0.383653 -0.000261946
log_fdev[1](14)      0.61321  -0.00038186
log_fdev[1](15)     0.504339 -0.000215621
log_fdev[1](16)     0.366917 -6.08278e-05
log_fdev[1](17)      1.16433 -8.34925e-05
log_fdev[1](18)    -0.270139  0.000102044
log_fdev[1](19)    -0.328616  0.000509153
log_fdev[1](20)     0.225115  0.000128076
log_fdev[1](21)     0.149962 -0.000112053
log_fdev[1](22)     -0.56369 -4.51494e-05
log_fdev[1](23)    -0.654786 -1.91072e-05
log_fdev[1](24)    -0.841055 -0.000107338
log_fdev[1](25)    -0.356846 -0.000230595
log_fdev[1](26)    -0.114368  0.000116657
log_fdev[1](27)    -0.480786   0.00040915
log_fdev[1](28)    -0.888979  0.000331164
log_fdev[1](29)    -0.776531  0.000270947
log_fdev[1](30)    -0.221194 -5.29361e-05
log_fdev[1](31)     0.219412  6.51029e-05
log_fdev[1](32)     0.594188  0.000249565
log_fdev[1](33)      1.05367  3.55694e-05
log_fdev[1](34)      1.05856  0.000223785
log_fdev[1](35)     0.658245  0.000787839
log_fdev[1](36)      0.75326  0.000601937
log_fdev[1](37)      1.39426  0.000448214
log_fdev[1](38)      1.54835  0.000204855
log_fdev[1](39)       1.3017 -1.44181e-05
log_fdev[1](40)    -0.647615 -0.000292681
log_fdev[1](41)     -1.11856 -0.000227146
log_fdev[1](42)    -0.773334 -0.000145129
log_fdev[2](1)    0.0234401  2.41464e-05
log_fdev[2](2)    0.0256933  5.84064e-05
log_fdev[2](3)   -0.0537652  6.17542e-05
log_fdev[2](4)    -0.222488  6.33255e-05
log_fdev[2](5)     -9.16831 -3.10531e-05
log_fdev[2](6)     -4.99231  1.34862e-05
log_fdev[2](7)     -5.42883  2.27859e-05
log_fdev[2](8)     -1.61183  2.76907e-05
log_fdev[2](9)    -0.396006  1.41099e-05
log_fdev[2](10)       2.1579  2.20294e-05
log_fdev[2](11)       1.6666  3.59164e-05
log_fdev[2](12)       1.4438  -5.1029e-05
log_fdev[2](13)       1.0602  4.62184e-06
log_fdev[2](14)      1.44812 -2.53051e-05
log_fdev[2](15)      1.31069 -7.73101e-06
log_fdev[2](16)      0.69481  -3.8745e-06
log_fdev[2](17)     0.945602   5.9485e-05
log_fdev[2](18)     0.355953  0.000109127
log_fdev[2](19)     0.564666  9.78429e-05
log_fdev[2](20)     0.435898  9.64379e-05
log_fdev[2](21)    -0.112355  6.98915e-05
log_fdev[2](22)   -0.0521996   6.0312e-05
log_fdev[2](23)     0.102282  0.000107772
log_fdev[2](24)    0.0149101  0.000121159
log_fdev[2](25)     0.567383  0.000110085
log_fdev[2](26)     0.221998  6.58101e-05
log_fdev[2](27)    -0.438719  5.40409e-05
log_fdev[2](28)     0.150536   4.1822e-05
log_fdev[2](29)    -0.830329  6.48566e-05
log_fdev[2](30)    -0.605227  8.43815e-07
log_fdev[2](31)    -0.146556   8.4548e-06
log_fdev[2](32)     0.130056 -1.93734e-05
log_fdev[2](33)      1.69384   6.5303e-05
log_fdev[2](34)      2.93106  9.85415e-05
log_fdev[2](35)    -0.677652  3.92817e-05
log_fdev[2](36)     0.314645  6.67126e-05
log_fdev[2](37)      1.81211    7.012e-05
log_fdev[2](38)      1.09112  5.45413e-05
log_fdev[2](39)      1.07651  9.72982e-05
log_fdev[2](40)     0.732628  0.000102686
log_fdev[2](41)   -0.0791507  3.40038e-05
log_fdev[2](42)     0.516232  6.49776e-07
log_fdev[2](43)     0.180647  5.39847e-05
log_fdev[2](44)      1.14641  2.96056e-05
log_foff[1]     -6.90186  -0.00101625
log_fdov[1](1)     0.697904 -0.000243567
log_fdov[1](2)     0.661551 -0.000332249
log_fdov[1](3)     0.259782 -0.000226393
log_fdov[1](4)    0.0610278 -0.000188549
log_fdov[1](5)     0.616531  6.26642e-05
log_fdov[1](6)     0.427775  2.22353e-06
log_fdov[1](7)     0.240963 -1.96641e-06
log_fdov[1](8)     0.376202 -5.95745e-05
log_fdov[1](9)      3.00212 -1.51431e-05
log_fdov[1](10)      1.64277 -1.46611e-05
log_fdov[1](11)      1.75764  0.000113324
log_fdov[1](12)     0.702229  4.70263e-05
log_fdov[1](13)     0.571096 -8.31745e-05
log_fdov[1](14)     -1.04404 -0.000168738
log_fdov[1](15)     0.741813 -0.000183312
log_fdov[1](16)      1.06086 -0.000100558
log_fdov[1](17)     -2.07753 -6.57133e-05
log_fdov[1](18)    -0.386333   7.6029e-05
log_fdov[1](19)     -2.35905  4.21651e-05
log_fdov[1](20)    0.0270952 -3.23197e-05
log_fdov[1](21)     -1.96697 -0.000218158
log_fdov[1](22)     -1.90997 -6.29012e-05
log_fdov[1](23)     -1.18507 -7.75315e-05
log_fdov[1](24)    -0.387689 -6.92458e-05
log_fdov[1](25)     -2.14162 -0.000122469
log_fdov[1](26)     0.217865 -2.13991e-05
log_fdov[1](27)     0.502942   7.3317e-06
log_fdov[1](28)      0.71249 -1.21897e-05
log_fdov[1](29)     0.534878 -4.40112e-05
log_fdov[1](30)      2.92633  1.47416e-05
log_fdov[1](31)      1.25228  6.93034e-05
log_fdov[1](32)      1.69621  4.17685e-05
log_fdov[1](33)      2.33947  5.98406e-05
log_fdov[1](34)      1.51884  5.76006e-05
log_fdov[1](35)     0.772504  0.000164513
log_fdov[1](36)     0.462441  6.85716e-05
log_fdov[1](37)    -0.520444  6.04128e-05
log_fdov[1](38)     -0.64599  4.72373e-05
log_fdov[1](39)     -3.53423 -0.000131521
log_fdov[1](40)     -4.28673 -0.000244691
log_fdov[1](41)     -4.96053 -9.59631e-05
log_fdov[1](42)      1.62257 -7.13799e-06
rec_dev_est(1982)      1.50168 -0.000312752
rec_dev_est(1983)      1.14252  0.000978634
rec_dev_est(1984)      1.36541  0.000162615
rec_dev_est(1985)      2.23477 -0.000668968
rec_dev_est(1986)    -0.437534  0.000129851
rec_dev_est(1987)     0.708387  0.000236761
rec_dev_est(1988)    0.0590661 -0.000358685
rec_dev_est(1989)    -0.572133  -0.00134115
rec_dev_est(1990)      1.76956 -0.000518623
rec_dev_est(1991)      1.82576 -0.000391642
rec_dev_est(1992)     0.187436  -0.00048798
rec_dev_est(1993)   -0.0871822  0.000207298
rec_dev_est(1994)      -1.3945  0.000525369
rec_dev_est(1995)     -1.09215   0.00128221
rec_dev_est(1996)    -0.345015  2.81852e-05
rec_dev_est(1997)    0.0388416  0.000120818
rec_dev_est(1998)   -0.0563206  -0.00011123
rec_dev_est(1999)    -0.611064  0.000835501
rec_dev_est(2000)     -1.54792  0.000184436
rec_dev_est(2001)     0.619125  0.000439186
rec_dev_est(2002)      1.30233  0.000180238
rec_dev_est(2003)     0.371008 -3.45952e-05
rec_dev_est(2004)      1.09198 -0.000154759
rec_dev_est(2005)    -0.620436 -0.000219945
rec_dev_est(2006)    -0.886658 -0.000165525
rec_dev_est(2007)    0.0354758  0.000409008
rec_dev_est(2008)     0.823379  0.000243346
rec_dev_est(2009)    -0.605984  0.000525847
rec_dev_est(2010)    -0.605369   0.00118119
rec_dev_est(2011)    -0.869108  0.000488158
rec_dev_est(2012)    -0.502113  0.000800071
rec_dev_est(2013)    -0.566136 -1.77083e-05
rec_dev_est(2014)     0.638855 -0.000477977
rec_dev_est(2015)    -0.318778  0.000345615
rec_dev_est(2016)     -1.17891  -4.1028e-05
rec_dev_est(2017)     -2.42257 -0.000746285
rec_dev_est(2018)     -2.46704  0.000282987
rec_dev_est(2019)     -1.53195  9.44754e-05
rec_dev_est(2020)     0.626009 -0.000211877
rec_dev_est(2021)       1.0698  6.43345e-06
rec_dev_est(2022)      1.20537  4.74183e-05
rec_dev_est(2023)    -0.419271 -7.02884e-06
rec_dev_est(2024)     -1.45275  7.03183e-06
rec_dev_est(2025)     -1.69817 -1.75834e-05
