ParName   Value   Gradient
T_pars_est[2]      14.2825 -0.000536883
T_pars_est[3]      13.8759   0.00197154
T_pars_est[11]   -0.0826818  -0.00484512
T_pars_est[12]   -0.0826494  1.44092e-10
T_pars_est[13]    -0.125216 -0.000311021
T_pars_est[14]    -0.558453 -0.000690227
T_pars_est[15]    -0.428634 -0.000289105
T_pars_est[16]    -0.258025   0.00213603
T_pars_est[17]    -0.174777   0.00166685
T_pars_est[18]    -0.170245  0.000300053
T_pars_est[19]    -0.100691  -0.00104289
T_pars_est[20]   -0.0642825 -0.000773705
T_pars_est[21]    0.0334924  -0.00332755
T_pars_est[22]   -0.0491789    0.0033293
T_pars_est[23]    -0.131643  0.000242703
T_pars_est[24]    -0.251023   0.00139302
T_pars_est[25]    -0.286665    0.0022359
T_pars_est[26]     0.695863  -0.00170064
T_pars_est[27]     0.130743   0.00139182
T_pars_est[28]    -0.471652   0.00129118
T_pars_est[29]     -1.04012   0.00133147
T_pars_est[30]     -1.40982   0.00172526
T_pars_est[31]     -1.69534  -0.00283385
T_pars_est[32]    -0.693912  0.000311177
T_pars_est[33]    -0.391422  0.000150308
T_pars_est[34]     0.751954  -0.00124828
T_pars_est[35]    -0.358769  -0.00137728
T_pars_est[36]     0.516414  0.000166947
T_pars_est[37]   -0.0896492   0.00110912
T_pars_est[38]     0.558291 -0.000289767
T_pars_est[39]     0.404529   0.00496879
T_pars_est[40]     0.291298  0.000691608
T_pars_est[41]     0.830613  0.000229421
T_pars_est[42]     0.481032 -0.000447472
T_pars_est[43]    -0.133454  -0.00093212
T_pars_est[44]    0.0614011   -0.0022499
T_pars_est[45]     0.733132  -0.00431213
T_pars_est[46]  -0.00255511   -0.0016287
T_pars_est[47]    -0.467221  -0.00162818
T_pars_est[48]    -0.414362  -0.00106939
T_pars_est[49]    -0.239886 -0.000280428
T_pars_est[50]    -0.164223 -0.000281659
T_pars_est[51]    -0.141526   1.5063e-05
T_pars_est[52]    -0.129986   4.5716e-05
T_pars_est[53]    -0.114383  2.37626e-05
T_pars_est[54]   -0.0852905 -1.39591e-05
T_pars_est[55]   -0.0826477    7.601e-08
T_pars_est[56]   -0.0827173  3.37053e-06
T_pars_est[57]   -0.0800755  -1.2077e-05
T_pars_est[58]    -0.100931   0.00120856
T_pars_est[59]     0.892525  -0.00053756
T_pars_est[60]      1.15575  0.000261744
T_pars_est[61]      1.23063    0.0016477
T_pars_est[62]     0.634295   0.00633625
T_pars_est[63]    0.0819157   0.00093975
T_pars_est[64]    -0.306555  -0.00307856
T_pars_est[65]    -0.326987 -0.000295491
T_pars_est[66]    -0.160302  -0.00115641
T_pars_est[67]   -0.0940168  0.000282095
T_pars_est[68]    -0.080987 -1.27588e-05
T_pars_est[69]   -0.0825042 -8.56224e-07
T_pars_est[70]   -0.0825937 -3.14141e-07
T_pars_est[71]   -0.0826123 -2.05214e-07
T_pars_est[72]   -0.0826244  -1.2546e-07
T_pars_est[73]    -0.082635 -7.60944e-08
T_pars_est[74]   -0.0826442 -2.75394e-08
T_pars_est[75]   -0.0826477 -1.03018e-08
T_pars_est[76]   -0.0826489 -3.22692e-09
T_pars_est[77]      -0.3155  -0.00118272
T_pars_est[78]    -0.814853  0.000636534
T_pars_est[79]    -0.666834 -0.000139292
T_pars_est[80]    -0.826397 -0.000497502
T_pars_est[81]    -0.884141   0.00148554
T_pars_est[82]     0.569759  -0.00286158
T_pars_est[83]     0.204064   0.00029312
T_pars_est[84]   -0.0823644 -4.31777e-06
T_pars_est[85]   -0.0825176 -1.48141e-06
T_pars_est[86]   -0.0826185  5.65962e-08
T_pars_est[87]   -0.0826435  2.84692e-07
T_pars_est[88]   -0.0826444   8.8047e-08
T_pars_est[89]   -0.0826487  1.94555e-08
T_pars_est[90]   -0.0826494  2.12429e-09
T_pars_est[91]   -0.0826494  1.14555e-10
T_pars_est[92]   -0.0826494 -2.38922e-10
T_pars_est[93]   -0.0826494 -3.96721e-10
log_fbar[1]     0.144877   0.00036505
log_fbar[2]     -4.63875  0.000220872
log_fdev[1](1)     -1.83304  0.000526827
log_fdev[1](2)     -1.95827   0.00159702
log_fdev[1](3)     -1.22229    0.0003228
log_fdev[1](4)    -0.831118  0.000571766
log_fdev[1](5)    -0.700893 -0.000169931
log_fdev[1](6)    -0.384267    0.0011982
log_fdev[1](7)    -0.338781  0.000145023
log_fdev[1](8)     -0.37696   0.00179729
log_fdev[1](9)     0.626274    -0.001346
log_fdev[1](10)     0.248726 -0.000944748
log_fdev[1](11)     0.708113 -3.21306e-05
log_fdev[1](12)     0.898688   0.00027175
log_fdev[1](13)     0.298376 -0.000777054
log_fdev[1](14)     0.595647  0.000511921
log_fdev[1](15)     0.574909  -0.00130932
log_fdev[1](16)     0.355588  -0.00197165
log_fdev[1](17)       1.1916   0.00109332
log_fdev[1](18)    -0.292075   0.00342422
log_fdev[1](19)    -0.381127  -0.00216562
log_fdev[1](20)     0.213849 -0.000454334
log_fdev[1](21)     0.325666 -0.000545114
log_fdev[1](22)    -0.287527  -0.00346935
log_fdev[1](23)    -0.446099 -0.000698268
log_fdev[1](24)    -0.743688  0.000678071
log_fdev[1](25)    -0.215875  -0.00137922
log_fdev[1](26)      0.14362   0.00138764
log_fdev[1](27)    -0.116655  -0.00135558
log_fdev[1](28)    -0.622767  -0.00370242
log_fdev[1](29)    -0.603067  -0.00114602
log_fdev[1](30)     -0.13959  -0.00206961
log_fdev[1](31)     0.261311   0.00228607
log_fdev[1](32)     0.631266   0.00302186
log_fdev[1](33)      1.05532   0.00402352
log_fdev[1](34)      1.03032  0.000912077
log_fdev[1](35)     0.600181   0.00239257
log_fdev[1](36)     0.598263   0.00167858
log_fdev[1](37)      1.12878 -0.000525193
log_fdev[1](38)     0.817995  0.000858773
log_fdev[1](39)       1.2827  -0.00122545
log_fdev[1](40)    -0.583687  -0.00109714
log_fdev[1](41)    -0.911111 -0.000885385
log_fdev[1](42)    -0.598299  0.000444793
log_fdev[2](1)    -0.251712  -0.00186069
log_fdev[2](2)    -0.137654  -0.00298001
log_fdev[2](3)    -0.223429  -0.00249843
log_fdev[2](4)     -0.37902 -0.000494191
log_fdev[2](5)     -9.33054 -4.74263e-05
log_fdev[2](6)      -5.2362  -0.00062803
log_fdev[2](7)     -5.66749  -0.00100179
log_fdev[2](8)     -1.86747   -0.0048272
log_fdev[2](9)    -0.566963 -0.000520924
log_fdev[2](10)      2.02493   0.00035241
log_fdev[2](11)      1.58631   0.00263486
log_fdev[2](12)      1.49701 -0.000715456
log_fdev[2](13)      1.14935 -0.000887211
log_fdev[2](14)      1.65808  0.000965224
log_fdev[2](15)      1.42032 -0.000294572
log_fdev[2](16)     0.600638 -0.000601634
log_fdev[2](17)     0.899106  -0.00474499
log_fdev[2](18)     0.296881  -0.00414334
log_fdev[2](19)      0.50379   0.00123341
log_fdev[2](20)     0.513047  0.000998953
log_fdev[2](21)     0.126061  -0.00403335
log_fdev[2](22)     0.145788   0.00171876
log_fdev[2](23)     0.174738   0.00633372
log_fdev[2](24)   -0.0010952   0.00238419
log_fdev[2](25)     0.686141  -0.00418733
log_fdev[2](26)     0.437373   -0.0057496
log_fdev[2](27)    -0.196046   0.00665371
log_fdev[2](28)      0.24343    0.0042173
log_fdev[2](29)     -0.86235  -0.00336805
log_fdev[2](30)    -0.729613  -0.00684702
log_fdev[2](31)    -0.184099  -0.00281002
log_fdev[2](32)     0.205079   0.00590726
log_fdev[2](33)      1.75426  0.000624624
log_fdev[2](34)      3.00244   0.00276294
log_fdev[2](35)    -0.620118   0.00106184
log_fdev[2](36)       0.3656  -0.00126491
log_fdev[2](37)      1.65966   0.00539526
log_fdev[2](38)     0.767096  0.000418268
log_fdev[2](39)      1.22939 -0.000260074
log_fdev[2](40)     0.865227  -0.00203515
log_fdev[2](41)   -0.0980973 -0.000517526
log_fdev[2](42)     0.562103   0.00300915
log_fdev[2](43)     0.490861  0.000353971
log_fdev[2](44)      1.48718    0.0055071
log_foff[1]     -7.34608   0.00085344
log_fdov[1](1)      2.55038  -0.00553328
log_fdov[1](2)      2.32625   0.00229971
log_fdov[1](3)      1.71691  -0.00141259
log_fdov[1](4)      1.26889   0.00263809
log_fdov[1](5)      1.71581  -0.00164144
log_fdov[1](6)      1.20877 -5.40977e-05
log_fdov[1](7)     0.619454   0.00124879
log_fdov[1](8)     0.565369 -0.000917992
log_fdov[1](9)      2.94579   0.00094075
log_fdov[1](10)      1.39717  0.000609865
log_fdov[1](11)      1.45336   0.00424063
log_fdov[1](12)     0.574908  0.000540621
log_fdov[1](13)     0.914463  -0.00245517
log_fdov[1](14)    -0.631173  -0.00134358
log_fdov[1](15)     0.914091  -0.00142148
log_fdov[1](16)       1.1051   0.00317738
log_fdov[1](17)     -2.22507  0.000108522
log_fdov[1](18)     -0.51944  -0.00720115
log_fdov[1](19)     -2.37359  -0.00101898
log_fdov[1](20)    0.0541871   0.00148829
log_fdov[1](21)     -2.16557  -0.00204351
log_fdov[1](22)     -2.31358   0.00562624
log_fdov[1](23)     -1.52201  -0.00213144
log_fdov[1](24)    -0.883761   0.00168254
log_fdov[1](25)     -2.73262  1.66434e-05
log_fdov[1](26)    -0.318496  -0.00562309
log_fdov[1](27)    0.0208357   0.00619964
log_fdov[1](28)     0.356433   0.00106366
log_fdov[1](29)     0.219381   -0.0020141
log_fdov[1](30)      2.44782   0.00726968
log_fdov[1](31)     0.663914 -0.000640706
log_fdov[1](32)      1.04977  -0.00026345
log_fdov[1](33)      1.66144  -0.00325638
log_fdov[1](34)     0.854254  0.000165206
log_fdov[1](35)     0.207339  6.68067e-05
log_fdov[1](36)    0.0234199     -0.00265
log_fdov[1](37)     -1.12615  0.000826664
log_fdov[1](38)    -0.236687  -0.00142296
log_fdov[1](39)     -3.53734   0.00293263
log_fdov[1](40)     -4.33461 -0.000433136
log_fdov[1](41)     -5.14915  0.000617112
log_fdov[1](42)      1.23374  0.000325219
rec_dev_est(1982)     0.486717 -0.000403428
rec_dev_est(1983)     0.511155   0.00216768
rec_dev_est(1984)      1.37831  -0.00105506
rec_dev_est(1985)      1.54755  -0.00113582
rec_dev_est(1986)     0.866719   0.00167051
rec_dev_est(1987)     0.351946   0.00218192
rec_dev_est(1988)    -0.465158  0.000737325
rec_dev_est(1989)    -0.749752  -0.00116311
rec_dev_est(1990)      0.78744 -0.000941854
rec_dev_est(1991)     0.872962   0.00174133
rec_dev_est(1992)    -0.253078   0.00525108
rec_dev_est(1993)     0.156199  -0.00454023
rec_dev_est(1994)    -0.386324 -0.000492531
rec_dev_est(1995)    -0.881662  -0.00178667
rec_dev_est(1996)     -1.50461   0.00237156
rec_dev_est(1997)      -1.3602   0.00469533
rec_dev_est(1998)    -0.548848   0.00255334
rec_dev_est(1999)    -0.648154  -0.00365919
rec_dev_est(2000)     -1.40947  -0.00235417
rec_dev_est(2001)    0.0475647  0.000883086
rec_dev_est(2002)      1.22836 -0.000501556
rec_dev_est(2003)     -0.52126   0.00254469
rec_dev_est(2004)     0.169221 -0.000837797
rec_dev_est(2005)    -0.804343   0.00232444
rec_dev_est(2006)     -1.59213  -0.00510073
rec_dev_est(2007)    0.0206361   0.00239825
rec_dev_est(2008)     0.917121  -0.00100611
rec_dev_est(2009)    -0.661884  -0.00388983
rec_dev_est(2010)    -0.630029   0.00296096
rec_dev_est(2011)     -0.47002   -0.0039757
rec_dev_est(2012)    -0.877447   0.00161949
rec_dev_est(2013)    -0.777912  -0.00412463
rec_dev_est(2014)       1.2569  -0.00024387
rec_dev_est(2015)      1.37864   0.00122662
rec_dev_est(2016)      1.54258  -0.00246158
rec_dev_est(2017)    -0.652214  -0.00327182
rec_dev_est(2018)     -1.57249  0.000270168
rec_dev_est(2019)    -0.965152   0.00067129
rec_dev_est(2020)     0.133727  -0.00062366
rec_dev_est(2021)     0.471254   0.00080229
rec_dev_est(2022)      1.48065 -0.000636279
rec_dev_est(2023)    -0.375683 -0.000326123
rec_dev_est(2024)    -0.792935   0.00350604
rec_dev_est(2025)    -0.380195   0.00182026
logit_rec_prop_est(1982)     0.867246   0.00129775
logit_rec_prop_est(1983)     0.910651  -0.00028999
logit_rec_prop_est(1984)    -0.128416  0.000411147
logit_rec_prop_est(1985)    -0.406797  0.000544228
logit_rec_prop_est(1986)     -3.52744  -0.00167812
logit_rec_prop_est(1987)    -0.147667 -0.000182422
logit_rec_prop_est(1988)      -0.2666 -0.000456328
logit_rec_prop_est(1989)     0.599444   0.00181574
logit_rec_prop_est(1990)      1.76128 -7.96195e-05
logit_rec_prop_est(1991)      1.20881  0.000314066
logit_rec_prop_est(1992)     -2.14743  -0.00213651
logit_rec_prop_est(1993)     -1.59142  0.000215569
logit_rec_prop_est(1994)     -1.55416   0.00163061
logit_rec_prop_est(1995)     -1.31836   -0.0018385
logit_rec_prop_est(1996)      3.26082   0.00143965
logit_rec_prop_est(1997)     0.859572 -0.000349995
logit_rec_prop_est(1998)    0.0439489 -0.000994474
logit_rec_prop_est(1999)     -1.00335  0.000446742
logit_rec_prop_est(2000)     -2.18487  6.64993e-05
logit_rec_prop_est(2001)     0.970789  0.000179225
logit_rec_prop_est(2002)     -1.70117   0.00116998
logit_rec_prop_est(2003)      3.33765     0.001328
logit_rec_prop_est(2004)     0.881729  0.000782123
logit_rec_prop_est(2005)    -0.947796   0.00106417
logit_rec_prop_est(2006)      1.58752  -0.00326124
logit_rec_prop_est(2007)    -0.373657  4.01962e-05
logit_rec_prop_est(2008)     -1.05089   0.00133306
logit_rec_prop_est(2009)     -1.87556   0.00152959
logit_rec_prop_est(2010)    -0.582116 -0.000139134
logit_rec_prop_est(2011)     -1.82099  0.000473594
logit_rec_prop_est(2012)      1.56385   0.00015315
logit_rec_prop_est(2013)    0.0406855  0.000562804
logit_rec_prop_est(2014)      1.07643  0.000244637
logit_rec_prop_est(2015)     -0.84484  0.000713464
logit_rec_prop_est(2016)     -3.48359  -0.00325513
logit_rec_prop_est(2017)     -2.52144   0.00665442
logit_rec_prop_est(2018)      4.87602    0.0023679
logit_rec_prop_est(2019)     -2.85328 -0.000889541
logit_rec_prop_est(2020)     0.717679  0.000285716
logit_rec_prop_est(2021)     0.625827  0.000177106
logit_rec_prop_est(2022)    -0.229949  0.000326414
logit_rec_prop_est(2023)      3.95625  -0.00292417
logit_rec_prop_est(2024)      2.65827  -0.00268275
logit_rec_prop_est(2025)     0.757308 -0.000698179
