ParName   Value   Gradient
T_pars_est[2]      14.2867  -0.00072646
T_pars_est[3]        13.88   -0.0105781
T_pars_est[11]   -0.0826494 -4.35409e-07
T_pars_est[12]   -0.0826494  3.69399e-11
T_pars_est[13]    -0.125059 -0.000685169
T_pars_est[14]    -0.558276 -0.000570909
T_pars_est[15]    -0.428431  -0.00208377
T_pars_est[16]    -0.257966   0.00901934
T_pars_est[17]    -0.174913 -0.000828662
T_pars_est[18]    -0.170527  0.000154819
T_pars_est[19]    -0.100907   0.00311849
T_pars_est[20]   -0.0646203   -0.0019749
T_pars_est[21]    0.0331762   0.00129757
T_pars_est[22]   -0.0491424   -0.0100341
T_pars_est[23]    -0.130898   0.00418383
T_pars_est[24]    -0.249281   0.00433149
T_pars_est[25]    -0.284203  -0.00375843
T_pars_est[26]     0.697508 -0.000563317
T_pars_est[27]      0.13104 -0.000403572
T_pars_est[28]    -0.472341  -0.00064107
T_pars_est[29]     -1.04128 -0.000940456
T_pars_est[30]     -1.41113  -0.00178815
T_pars_est[31]     -1.69638  0.000385772
T_pars_est[32]    -0.694198 -6.38037e-05
T_pars_est[33]    -0.391303   0.00287903
T_pars_est[34]     0.752643  -0.00235772
T_pars_est[35]     -0.35814  0.000212482
T_pars_est[36]     0.517454  0.000532758
T_pars_est[37]   -0.0892274  0.000655743
T_pars_est[38]     0.558558  -0.00368658
T_pars_est[39]     0.404576   0.00653644
T_pars_est[40]     0.291656  -0.00182708
T_pars_est[41]     0.830316  -0.00338274
T_pars_est[42]     0.479978  -0.00198015
T_pars_est[43]    -0.133469 -0.000776397
T_pars_est[44]    0.0614178  -0.00305299
T_pars_est[45]     0.730841   0.00115144
T_pars_est[46]   -0.0043739  -0.00128187
T_pars_est[47]    -0.468267   0.00192013
T_pars_est[48]    -0.414982  0.000890711
T_pars_est[49]    -0.240049   0.00273102
T_pars_est[50]    -0.164265   0.00108728
T_pars_est[51]    -0.141586 -4.06102e-05
T_pars_est[52]    -0.130049 -0.000472065
T_pars_est[53]    -0.114425  0.000400552
T_pars_est[54]   -0.0852935 -1.66545e-05
T_pars_est[55]   -0.0826478   2.4051e-07
T_pars_est[56]   -0.0827186   1.7226e-06
T_pars_est[57]   -0.0800656  0.000156443
T_pars_est[58]    -0.100941  0.000809438
T_pars_est[59]     0.892412  0.000989719
T_pars_est[60]      1.15558  0.000734392
T_pars_est[61]      1.23064  0.000689643
T_pars_est[62]     0.634577  0.000958056
T_pars_est[63]    0.0822675   0.00108291
T_pars_est[64]     -0.30626   0.00189991
T_pars_est[65]     -0.32688   0.00222457
T_pars_est[66]    -0.160277   0.00203116
T_pars_est[67]    -0.093904  0.000344288
T_pars_est[68]   -0.0809886 -4.47213e-05
T_pars_est[69]   -0.0825045 -2.23962e-06
T_pars_est[70]   -0.0825938 -7.54769e-07
T_pars_est[71]   -0.0826124 -4.51176e-07
T_pars_est[72]   -0.0826244 -3.19862e-07
T_pars_est[73]    -0.082635 -9.75704e-08
T_pars_est[74]   -0.0826442 -3.96834e-08
T_pars_est[75]   -0.0826477 -1.06027e-08
T_pars_est[76]   -0.0826489 -1.97843e-09
T_pars_est[77]    -0.315483  5.59955e-05
T_pars_est[78]    -0.814653  0.000432179
T_pars_est[79]    -0.666397   0.00350763
T_pars_est[80]    -0.826162  -0.00748365
T_pars_est[81]    -0.883981  0.000804621
T_pars_est[82]     0.569868  0.000203538
T_pars_est[83]     0.204226   0.00191137
T_pars_est[84]   -0.0823644  -6.4843e-06
T_pars_est[85]   -0.0825176 -2.90349e-06
T_pars_est[86]   -0.0826186 -3.12493e-07
T_pars_est[87]   -0.0826435  2.08437e-07
T_pars_est[88]   -0.0826444  6.21255e-08
T_pars_est[89]   -0.0826487  2.45883e-08
T_pars_est[90]   -0.0826494  2.27033e-09
T_pars_est[91]   -0.0826494  1.52956e-10
T_pars_est[92]   -0.0826494  7.03428e-11
T_pars_est[93]   -0.0826494  3.29702e-11
G_pars_est[1]    0.0391111  -0.00106198
G_pars_est[2]    -0.254342   0.00280319
G_pars_est[4]     -4.73831   0.00305997
G_pars_est[5]    -0.423838 -0.000518089
M_pars_est[1]     0.292803   0.00374564
M_pars_est[2]     0.825261   0.00128449
M_pars_est[3]      1.18782  -0.00166036
M_pars_est[5]    -0.290716    0.0012829
M_pars_est[7]      2.23196 -0.000417251
M_pars_est[9]        0.265 -0.000428094
M_pars_est[10]     0.236421  6.62818e-05
M_pars_est[11]      1.15947   0.00065346
M_pars_est[13]     0.468793   0.00099548
M_pars_est[14]      2.30762   0.00252659
M_pars_est[15]      2.22188  7.50444e-06
S_pars_est[1]      4.68494    0.0044267
S_pars_est[2]      1.69636 -0.000159767
S_pars_est[3]      4.84009  0.000381152
S_pars_est[4]      2.39226  -0.00161253
S_pars_est[5]     -3.20205 -0.000676165
S_pars_est[6]     -2.65254  -0.00102749
S_pars_est[7]     -2.35592  -0.00130636
S_pars_est[8]     -1.55972   0.00136885
S_pars_est[9]     -1.60079    0.0014039
S_pars_est[10]     -1.46205   0.00114479
S_pars_est[11]     -1.17744   0.00195885
S_pars_est[12]     -1.11835 -0.000359488
S_pars_est[13]     -1.20477  -0.00611644
S_pars_est[14]     -1.11309   0.00391192
S_pars_est[15]     -1.02265  0.000397552
S_pars_est[16]    -0.955912    0.0010075
S_pars_est[17]     -0.92568  -0.00521012
S_pars_est[18]    -0.818731  -0.00202814
S_pars_est[19]    -0.795537  0.000306913
S_pars_est[20]     -1.08495   0.00398998
S_pars_est[21]    -0.872265   0.00136668
S_pars_est[22]    -0.642314   0.00351853
S_pars_est[23]    -0.456013   0.00407687
S_pars_est[24]    -0.296597 -0.000720709
S_pars_est[25]    -0.193239   0.00145379
S_pars_est[26]    -0.313842  -0.00137316
S_pars_est[27]     -3.79824  -0.00207345
S_pars_est[28]     -3.18078 -0.000618584
S_pars_est[29]     -2.39128 -0.000281273
S_pars_est[30]     -1.71787   0.00307526
S_pars_est[31]     -1.50744  -0.00109695
S_pars_est[32]      -1.3148   0.00410988
S_pars_est[33]     -1.11049   0.00223777
S_pars_est[34]     -1.00799 -0.000147581
S_pars_est[35]     -1.06963  -0.00281459
S_pars_est[36]     -1.06753 -0.000170263
S_pars_est[37]     -1.01349  0.000630784
S_pars_est[38]     -0.93858  -0.00153953
S_pars_est[39]    -0.890618 -0.000879353
S_pars_est[40]    -0.773358  0.000181263
S_pars_est[41]     -0.62361  0.000479447
S_pars_est[42]    -0.380656  -0.00153062
S_pars_est[43]    -0.265591  0.000298215
S_pars_est[44]    -0.186908  -0.00319551
S_pars_est[45]    -0.152712    0.0035839
S_pars_est[46]     -0.11145  -0.00172565
S_pars_est[47]   -0.0690931 -4.73099e-05
S_pars_est[48]   -0.0573042 -4.22985e-05
S_pars_est[49]      4.20417   -0.0040997
S_pars_est[50]      1.01775  -0.00419339
S_pars_est[51]     -5.03449  -0.00133058
S_pars_est[52]     -4.08939   0.00525428
S_pars_est[53]     -3.72378  0.000210023
S_pars_est[54]     -1.92047    0.0013953
S_pars_est[55]     -1.20384 -0.000234555
S_pars_est[56]    -0.525231   0.00192634
S_pars_est[57]    -0.543107   0.00260281
S_pars_est[58]    -0.780806    0.0036202
S_pars_est[59]    -0.862179  -0.00424701
S_pars_est[60]     -1.02485 -0.000868321
S_pars_est[61]    -0.968954  -0.00131086
S_pars_est[62]    -0.870436  -0.00130298
S_pars_est[63]    -0.824232 -0.000732321
S_pars_est[64]    -0.778237 -0.000265134
S_pars_est[65]    -0.710986  0.000248228
S_pars_est[66]    -0.623613  0.000242938
S_pars_est[67]    -0.524385  8.08418e-05
S_pars_est[68]    -0.420081  7.19567e-06
S_pars_est[69]    -0.311422 -1.70699e-06
S_pars_est[70]    -0.197298  1.48369e-08
S_pars_est[71]    -0.080601 -4.79104e-07
S_pars_est[73]     -4.46189  -0.00208834
S_pars_est[74]     -3.65406   0.00418045
S_pars_est[75]     -3.09734  -0.00337332
S_pars_est[76]     -1.17428   0.00207192
S_pars_est[77]    -0.597677  0.000673249
S_pars_est[78]    -0.182842   0.00158256
S_pars_est[79]    -0.258026   0.00441173
S_pars_est[80]     -0.87248 -0.000178803
S_pars_est[81]     -1.02373 -0.000376814
S_pars_est[82]       -1.236  0.000348573
S_pars_est[83]     -1.38261 -0.000659597
S_pars_est[84]     -1.03137 -0.000346302
S_pars_est[85]    -0.832612  -0.00159721
S_pars_est[86]    -0.778217 -0.000612736
S_pars_est[87]    -0.710954  0.000494839
S_pars_est[88]      -0.6236  0.000601189
S_pars_est[89]    -0.524378  0.000289141
S_pars_est[90]    -0.420078  1.53497e-05
S_pars_est[91]    -0.311421 -1.52927e-05
S_pars_est[92]    -0.197297  1.12124e-06
S_pars_est[93]   -0.0806008  8.12377e-06
S_pars_est[95]      4.60085  -0.00375635
S_pars_est[96]     0.381717   0.00266119
log_fbar[1]     0.148935  0.000341104
log_fbar[2]     -4.63331  -0.00149805
log_fdev[1](1)     -1.83339  -2.5443e-05
log_fdev[1](2)     -1.95807 -0.000357127
log_fdev[1](3)     -1.22202   0.00110339
log_fdev[1](4)    -0.830858  8.13299e-05
log_fdev[1](5)    -0.700629 -0.000290614
log_fdev[1](6)    -0.384031  7.02528e-05
log_fdev[1](7)    -0.338784 -0.000641976
log_fdev[1](8)    -0.377102  -0.00114962
log_fdev[1](9)     0.626873 -0.000239405
log_fdev[1](10)      0.24785  9.00629e-05
log_fdev[1](11)     0.707447 -0.000875162
log_fdev[1](12)     0.898491  0.000120451
log_fdev[1](13)      0.29753   0.00100235
log_fdev[1](14)     0.595596 -0.000851808
log_fdev[1](15)     0.575352 -6.62258e-05
log_fdev[1](16)     0.354599   0.00130723
log_fdev[1](17)      1.19118   0.00030711
log_fdev[1](18)    -0.292608 -0.000276066
log_fdev[1](19)    -0.381545 -7.41321e-05
log_fdev[1](20)     0.213603 -0.000154266
log_fdev[1](21)     0.326262 -0.000465435
log_fdev[1](22)    -0.286816 -0.000200814
log_fdev[1](23)    -0.445632  0.000165965
log_fdev[1](24)    -0.743972 -0.000513167
log_fdev[1](25)    -0.215505 -0.000905409
log_fdev[1](26)     0.144428 -0.000114927
log_fdev[1](27)    -0.115722  0.000636205
log_fdev[1](28)     -0.62221 -0.000730391
log_fdev[1](29)    -0.603047  -0.00126857
log_fdev[1](30)    -0.140167  -0.00098201
log_fdev[1](31)     0.261031 -0.000674487
log_fdev[1](32)      0.63122  0.000215164
log_fdev[1](33)      1.05524  -0.00136664
log_fdev[1](34)       1.0305  -0.00095179
log_fdev[1](35)     0.600411   0.00173682
log_fdev[1](36)     0.600158  0.000411748
log_fdev[1](37)       1.1245 -0.000630426
log_fdev[1](38)     0.815332  0.000663319
log_fdev[1](39)      1.28186   0.00161381
log_fdev[1](40)     -0.58344   0.00254907
log_fdev[1](41)    -0.909297  0.000246227
log_fdev[1](42)    -0.594618   0.00120581
log_fdev[2](1)    -0.251855  0.000187674
log_fdev[2](2)    -0.137192   0.00187295
log_fdev[2](3)    -0.222868  -0.00163737
log_fdev[2](4)    -0.378474  -0.00249042
log_fdev[2](5)     -9.32994   0.00576058
log_fdev[2](6)     -5.23568    0.0010716
log_fdev[2](7)     -5.66728  -0.00208737
log_fdev[2](8)     -1.86746  -0.00241137
log_fdev[2](9)    -0.566445  -0.00320813
log_fdev[2](10)      2.02445   0.00223934
log_fdev[2](11)       1.5857  -0.00276677
log_fdev[2](12)      1.49673   -0.0027226
log_fdev[2](13)       1.1485   0.00634336
log_fdev[2](14)      1.65767  0.000446533
log_fdev[2](15)      1.42045  -0.00273179
log_fdev[2](16)     0.600108   0.00773513
log_fdev[2](17)      0.89887   0.00336056
log_fdev[2](18)      0.29628  -0.00261969
log_fdev[2](19)     0.503416 -0.000234108
log_fdev[2](20)     0.512871   -0.0021649
log_fdev[2](21)     0.126451  0.000399304
log_fdev[2](22)     0.146437  -0.00272402
log_fdev[2](23)     0.175309   0.00674569
log_fdev[2](24)  -0.00123743  -0.00256435
log_fdev[2](25)      0.68641  -0.00135705
log_fdev[2](26)     0.438228  -0.00481911
log_fdev[2](27)    -0.195116   0.00294101
log_fdev[2](28)     0.244153   0.00401079
log_fdev[2](29)    -0.862046  -0.00749049
log_fdev[2](30)    -0.729802  0.000491803
log_fdev[2](31)    -0.184173  -0.00266503
log_fdev[2](32)     0.204939   0.00414792
log_fdev[2](33)      1.75402    -0.004521
log_fdev[2](34)       3.0022  -0.00296589
log_fdev[2](35)    -0.620464   0.00588309
log_fdev[2](36)      0.36552  0.000877495
log_fdev[2](37)      1.65428  -0.00239839
log_fdev[2](38)     0.764627 -0.000478968
log_fdev[2](39)      1.22892   0.00344566
log_fdev[2](40)     0.865421    0.0010726
log_fdev[2](41)   -0.0976057  -0.00122291
log_fdev[2](42)      0.56283 -0.000300814
log_fdev[2](43)     0.492467   0.00100476
log_fdev[2](44)      1.49038  0.000600452
log_foff[1]     -7.34938 -0.000477624
log_fdov[1](1)       2.5505  -0.00180914
log_fdov[1](2)      2.32585 -0.000713908
log_fdov[1](3)      1.71641  -0.00305413
log_fdov[1](4)      1.26821  -0.00105596
log_fdov[1](5)      1.71503  4.25242e-05
log_fdov[1](6)      1.20786  0.000702587
log_fdov[1](7)     0.618695   0.00171157
log_fdov[1](8)     0.564628   0.00210196
log_fdov[1](9)      2.94421  -0.00015403
log_fdov[1](10)      1.39703  -0.00127177
log_fdov[1](11)      1.45304  0.000930083
log_fdov[1](12)      0.57418 -0.000526623
log_fdov[1](13)     0.914529  -0.00135081
log_fdov[1](14)     -0.63163   0.00259057
log_fdov[1](15)     0.913217   0.00123709
log_fdov[1](16)      1.10549  -0.00119841
log_fdov[1](17)     -2.22539  0.000657494
log_fdov[1](18)    -0.519678   0.00124704
log_fdov[1](19)       -2.374  0.000635355
log_fdov[1](20)    0.0535707  0.000405356
log_fdov[1](21)       -2.167   0.00117374
log_fdov[1](22)      -2.3151  0.000794717
log_fdov[1](23)     -1.52323    9.665e-05
log_fdov[1](24)    -0.884159 -0.000371292
log_fdov[1](25)     -2.73355  0.000265647
log_fdov[1](26)    -0.319905 -0.000930935
log_fdov[1](27)    0.0194145  -0.00252628
log_fdov[1](28)     0.355563  -0.00100347
log_fdov[1](29)     0.219109  0.000378214
log_fdov[1](30)      2.44738   0.00225693
log_fdov[1](31)     0.662733   0.00259175
log_fdov[1](32)      1.04839  0.000634113
log_fdov[1](33)      1.66018   0.00262593
log_fdov[1](34)     0.852505   0.00156402
log_fdov[1](35)     0.205184  -0.00312197
log_fdov[1](36)    0.0189345 -0.000772226
log_fdov[1](37)     -1.12765  0.000251756
log_fdov[1](38)    -0.229529  -0.00179082
log_fdov[1](39)      -3.5253 -0.000531206
log_fdov[1](40)     -4.32367  -0.00284794
log_fdov[1](41)     -5.14586   0.00326661
log_fdov[1](42)      1.23382 -0.000101258
rec_dev_est(1982)     0.487618   0.00117807
rec_dev_est(1983)     0.512264  0.000214704
rec_dev_est(1984)      1.37775   -0.0016018
rec_dev_est(1985)      1.54854 -0.000378131
rec_dev_est(1986)     0.865768  0.000602511
rec_dev_est(1987)     0.352571  0.000370545
rec_dev_est(1988)    -0.464223 -0.000403871
rec_dev_est(1989)    -0.748409   0.00301949
rec_dev_est(1990)     0.786677  -0.00063892
rec_dev_est(1991)     0.875905   -0.0020429
rec_dev_est(1992)    -0.256052  0.000518692
rec_dev_est(1993)     0.155035  -0.00139854
rec_dev_est(1994)    -0.385481 -0.000298937
rec_dev_est(1995)    -0.882475   0.00135474
rec_dev_est(1996)     -1.50273  0.000409178
rec_dev_est(1997)     -1.36053 -0.000726187
rec_dev_est(1998)    -0.549103  -0.00104044
rec_dev_est(1999)    -0.648194  -0.00127729
rec_dev_est(2000)     -1.41044   0.00120436
rec_dev_est(2001)     0.047297 -0.000264374
rec_dev_est(2002)      1.22698 -0.000170901
rec_dev_est(2003)     -0.51945   0.00307291
rec_dev_est(2004)     0.170465  -0.00127194
rec_dev_est(2005)     -0.80438   0.00200708
rec_dev_est(2006)     -1.59088  -0.00133088
rec_dev_est(2007)     0.019768  -0.00201054
rec_dev_est(2008)     0.918015   -0.0022217
rec_dev_est(2009)    -0.661746   0.00151591
rec_dev_est(2010)     -0.63138  -0.00027264
rec_dev_est(2011)    -0.470655   0.00431297
rec_dev_est(2012)    -0.874738  0.000144602
rec_dev_est(2013)    -0.775314  -0.00180862
rec_dev_est(2014)      1.26122  0.000214125
rec_dev_est(2015)      1.38294   0.00160666
rec_dev_est(2016)      1.54403   0.00173731
rec_dev_est(2017)    -0.650998  -0.00118089
rec_dev_est(2018)     -1.57137 -0.000947869
rec_dev_est(2019)    -0.968034   -0.0018771
rec_dev_est(2020)     0.129723  -0.00126974
rec_dev_est(2021)     0.468283  -0.00179881
rec_dev_est(2022)      1.47592 -0.000441127
rec_dev_est(2023)    -0.377425  -0.00247267
rec_dev_est(2024)    -0.795333  -0.00314516
rec_dev_est(2025)    -0.382669    0.0031296
logit_rec_prop_est(1982)     0.870935  0.000215714
logit_rec_prop_est(1983)     0.914788  0.000825972
logit_rec_prop_est(1984)    -0.125523 -6.67048e-05
logit_rec_prop_est(1985)    -0.400556 -0.000382972
logit_rec_prop_est(1986)     -3.52707   0.00104916
logit_rec_prop_est(1987)    -0.145484   0.00055574
logit_rec_prop_est(1988)    -0.260568  0.000335002
logit_rec_prop_est(1989)     0.606097   0.00165695
logit_rec_prop_est(1990)      1.76333  0.000926647
logit_rec_prop_est(1991)      1.21671  0.000511391
logit_rec_prop_est(1992)     -2.14423   0.00262082
logit_rec_prop_est(1993)     -1.59006 -0.000174809
logit_rec_prop_est(1994)     -1.54913 -0.000665359
logit_rec_prop_est(1995)     -1.31229 -0.000681332
logit_rec_prop_est(1996)      3.22361  -0.00132692
logit_rec_prop_est(1997)     0.862632 -0.000365788
logit_rec_prop_est(1998)    0.0470681 -0.000671634
logit_rec_prop_est(1999)    -0.996227  0.000592505
logit_rec_prop_est(2000)      -2.1839   0.00117996
logit_rec_prop_est(2001)     0.973882   -0.0014472
logit_rec_prop_est(2002)     -1.69609  -0.00749352
logit_rec_prop_est(2003)      3.27259  0.000106948
logit_rec_prop_est(2004)     0.887902   -0.0027595
logit_rec_prop_est(2005)    -0.934442  5.97054e-06
logit_rec_prop_est(2006)      1.59479  0.000537505
logit_rec_prop_est(2007)    -0.369181 -0.000703138
logit_rec_prop_est(2008)     -1.04847 -0.000439547
logit_rec_prop_est(2009)     -1.87307  0.000624367
logit_rec_prop_est(2010)    -0.576128  0.000427521
logit_rec_prop_est(2011)     -1.82191  0.000718865
logit_rec_prop_est(2012)      1.54729   0.00193851
logit_rec_prop_est(2013)    0.0448709 -0.000114667
logit_rec_prop_est(2014)      1.07969   -0.0031584
logit_rec_prop_est(2015)    -0.845256   -0.0022965
logit_rec_prop_est(2016)     -3.48037   0.00124739
logit_rec_prop_est(2017)     -2.52094   0.00130776
logit_rec_prop_est(2018)      4.86763   0.00314877
logit_rec_prop_est(2019)     -2.85452   0.00122072
logit_rec_prop_est(2020)     0.721855  0.000483059
logit_rec_prop_est(2021)     0.628901  0.000445963
logit_rec_prop_est(2022)    -0.227888  0.000639929
logit_rec_prop_est(2023)      3.93607  -0.00354532
logit_rec_prop_est(2024)      2.65977  0.000496921
logit_rec_prop_est(2025)     0.762907   0.00123594
