ParName   Value   Gradient
T_pars_est[2]      14.2825  3.02066e-05
T_pars_est[3]      13.8759 -1.07364e-05
T_pars_est[11]   -0.0826501 -9.09289e-05
T_pars_est[12]   -0.0826494  6.75617e-12
T_pars_est[13]    -0.125214 -1.16489e-05
T_pars_est[14]    -0.558449   0.00137243
T_pars_est[15]    -0.428641  -0.00102587
T_pars_est[16]     -0.25805 -0.000913096
T_pars_est[17]    -0.174752  -0.00293934
T_pars_est[18]    -0.170203   0.00156467
T_pars_est[19]    -0.100584  0.000464812
T_pars_est[20]   -0.0641702   0.00142719
T_pars_est[21]    0.0336063   0.00082713
T_pars_est[22]   -0.0490375  -0.00138304
T_pars_est[23]    -0.131536  -0.00138981
T_pars_est[24]     -0.25097  -0.00031799
T_pars_est[25]    -0.286656  0.000605469
T_pars_est[26]     0.695813  9.13706e-05
T_pars_est[27]      0.13071  6.70827e-05
T_pars_est[28]     -0.47168  -1.3424e-05
T_pars_est[29]     -1.04016  0.000170166
T_pars_est[30]     -1.40987  -0.00162895
T_pars_est[31]      -1.6954  -0.00109711
T_pars_est[32]    -0.693938 -0.000799934
T_pars_est[33]    -0.391406  0.000886082
T_pars_est[34]     0.752087     2.23e-06
T_pars_est[35]    -0.358783  -0.00129584
T_pars_est[36]     0.516428  -0.00086349
T_pars_est[37]   -0.0896469   0.00118304
T_pars_est[38]     0.558316   0.00294796
T_pars_est[39]     0.404484  -0.00116535
T_pars_est[40]     0.291289  0.000564259
T_pars_est[41]     0.830653   -0.0014441
T_pars_est[42]     0.480858  0.000622759
T_pars_est[43]    -0.133531 -0.000303192
T_pars_est[44]    0.0613875  8.27597e-05
T_pars_est[45]     0.733047   0.00035034
T_pars_est[46]  -0.00268231   0.00138733
T_pars_est[47]    -0.467287  -1.0697e-05
T_pars_est[48]    -0.414375  7.40941e-05
T_pars_est[49]    -0.239886  7.71491e-06
T_pars_est[50]    -0.164222  3.56168e-05
T_pars_est[51]    -0.141529  2.71313e-05
T_pars_est[52]    -0.129989 -5.05989e-06
T_pars_est[53]    -0.114386  1.28853e-05
T_pars_est[54]   -0.0852906  1.01955e-05
T_pars_est[55]   -0.0826477 -7.25818e-09
T_pars_est[56]   -0.0827173 -9.32908e-07
T_pars_est[57]   -0.0800756 -1.61784e-05
T_pars_est[58]    -0.100961  -0.00143136
T_pars_est[59]     0.892475  0.000329255
T_pars_est[60]      1.15574 -4.01359e-05
T_pars_est[61]      1.23068   0.00011602
T_pars_est[62]     0.634297  0.000323817
T_pars_est[63]    0.0819032  -0.00153584
T_pars_est[64]    -0.306544   0.00129599
T_pars_est[65]    -0.326987  0.000478025
T_pars_est[66]    -0.160295  0.000222783
T_pars_est[67]   -0.0940106 -3.99638e-05
T_pars_est[68]   -0.0809872  5.12788e-06
T_pars_est[69]   -0.0825042  4.41989e-07
T_pars_est[70]   -0.0825937  1.74281e-07
T_pars_est[71]   -0.0826123  1.18244e-07
T_pars_est[72]   -0.0826244  8.36912e-08
T_pars_est[73]    -0.082635  4.75915e-08
T_pars_est[74]   -0.0826442  1.77599e-08
T_pars_est[75]   -0.0826477  6.24239e-09
T_pars_est[76]   -0.0826489  2.00845e-09
T_pars_est[77]      -0.3155  0.000822298
T_pars_est[78]    -0.814842    -0.001831
T_pars_est[79]    -0.666862   0.00139647
T_pars_est[80]    -0.826365   0.00264348
T_pars_est[81]    -0.884156 -0.000695211
T_pars_est[82]      0.56976 -0.000264429
T_pars_est[83]     0.204083  0.000498129
T_pars_est[84]   -0.0823644   2.8904e-07
T_pars_est[85]   -0.0825176  1.89711e-07
T_pars_est[86]   -0.0826185  1.12055e-07
T_pars_est[87]   -0.0826435  6.93862e-08
T_pars_est[88]   -0.0826444  3.31889e-08
T_pars_est[89]   -0.0826487  6.65718e-09
T_pars_est[90]   -0.0826494  5.45083e-10
T_pars_est[91]   -0.0826494  2.63916e-12
T_pars_est[92]   -0.0826494  3.38657e-12
T_pars_est[93]   -0.0826494  2.36403e-12
G_pars_est[1]    0.0390503   0.00022779
G_pars_est[2]    -0.254339  0.000195571
G_pars_est[4]     -4.73753 -9.24925e-05
G_pars_est[5]     -0.42381 -3.22866e-05
S_pars_est[5]     -3.19644  0.000680595
S_pars_est[6]     -2.64688 -0.000975843
S_pars_est[7]     -2.35045  0.000289934
S_pars_est[8]     -1.55547  0.000388474
S_pars_est[9]     -1.59681 -0.000319186
S_pars_est[10]     -1.45875  7.84451e-05
S_pars_est[11]     -1.17486 -0.000457194
S_pars_est[12]     -1.11632   -0.0013332
S_pars_est[13]     -1.20318   0.00023903
S_pars_est[14]     -1.11198 -0.000644244
S_pars_est[15]     -1.02193  0.000346386
S_pars_est[16]     -0.95545  -0.00036281
S_pars_est[17]    -0.925363 -0.000888045
S_pars_est[18]    -0.818482 -0.000165754
S_pars_est[19]    -0.795292 -0.000535745
S_pars_est[20]     -1.08465    0.0002347
S_pars_est[21]    -0.872772  7.95087e-05
S_pars_est[22]    -0.643137   0.00011778
S_pars_est[23]    -0.456676  0.000259606
S_pars_est[24]    -0.297047   9.4372e-05
S_pars_est[25]    -0.193748   0.00111185
S_pars_est[26]    -0.315385 -0.000204709
S_pars_est[27]     -3.79216 -0.000827533
S_pars_est[28]     -3.17519 -0.000336086
S_pars_est[29]     -2.38567  0.000853664
S_pars_est[30]     -1.71396 -0.000243317
S_pars_est[31]     -1.50391   0.00145983
S_pars_est[32]     -1.31188 -0.000869754
S_pars_est[33]     -1.10791 -0.000243633
S_pars_est[34]     -1.00589 -0.000150133
S_pars_est[35]      -1.0678 -6.65474e-05
S_pars_est[36]     -1.06606  1.95129e-06
S_pars_est[37]     -1.01231 -7.42106e-05
S_pars_est[38]    -0.937671  -0.00095249
S_pars_est[39]    -0.889952  0.000588687
S_pars_est[40]     -0.77292  0.000322806
S_pars_est[41]    -0.623273  0.000589478
S_pars_est[42]    -0.380605  0.000941578
S_pars_est[43]    -0.265739  0.000376775
S_pars_est[44]    -0.187073 -0.000287911
S_pars_est[45]    -0.152861 -0.000128374
S_pars_est[46]     -0.11159 -0.000411108
S_pars_est[47]   -0.0693449   1.6359e-05
S_pars_est[48]   -0.0578898  1.23528e-05
S_pars_est[51]     -5.03247  -0.00101858
S_pars_est[52]     -4.08759  0.000824333
S_pars_est[53]     -3.72218  3.67418e-05
S_pars_est[54]     -1.91959   0.00243878
S_pars_est[55]     -1.20317 -0.000443127
S_pars_est[56]    -0.524882  0.000784828
S_pars_est[57]    -0.543106 -0.000107323
S_pars_est[58]    -0.780783    0.0010694
S_pars_est[59]    -0.862155   0.00035789
S_pars_est[60]     -1.02492  0.000292026
S_pars_est[61]     -0.96904  0.000366243
S_pars_est[62]    -0.870451 -0.000228515
S_pars_est[63]    -0.824227    0.0005533
S_pars_est[64]    -0.778233  0.000456126
S_pars_est[65]    -0.710986   0.00012847
S_pars_est[66]    -0.623614   1.2693e-05
S_pars_est[67]    -0.524385 -2.05507e-06
S_pars_est[68]    -0.420081 -7.42162e-07
S_pars_est[69]    -0.311422 -5.15131e-08
S_pars_est[70]    -0.197298  5.86231e-09
S_pars_est[71]    -0.080601 -6.39527e-08
S_pars_est[73]      -4.4595  -0.00174919
S_pars_est[74]     -3.65152   0.00181121
S_pars_est[75]     -3.09539  0.000714673
S_pars_est[76]     -1.17318 -0.000454827
S_pars_est[77]    -0.596728  3.37592e-05
S_pars_est[78]    -0.182189   0.00109055
S_pars_est[79]    -0.257745 -0.000930499
S_pars_est[80]    -0.872367 -7.65956e-05
S_pars_est[81]     -1.02368 -0.000599543
S_pars_est[82]      -1.2362  0.000124213
S_pars_est[83]     -1.38286  0.000277288
S_pars_est[84]     -1.03143  8.81522e-05
S_pars_est[85]    -0.832596 -0.000689732
S_pars_est[86]    -0.778208  0.000890319
S_pars_est[87]    -0.710951  0.000935127
S_pars_est[88]    -0.623602  0.000139057
S_pars_est[89]    -0.524379 -3.95946e-05
S_pars_est[90]    -0.420078 -8.48616e-06
S_pars_est[91]    -0.311421  3.92165e-07
S_pars_est[92]    -0.197297  6.09104e-08
S_pars_est[93]   -0.0806009  1.03989e-06
log_fbar[1]      0.14481 -0.000308995
log_fbar[2]     -4.63883 -6.75194e-05
log_fdev[1](1)     -1.83294  0.000159832
log_fdev[1](2)     -1.95815 -0.000275795
log_fdev[1](3)     -1.22217  0.000147004
log_fdev[1](4)     -0.83101  -0.00108659
log_fdev[1](5)    -0.700799  -0.00107936
log_fdev[1](6)    -0.384203  -0.00023197
log_fdev[1](7)    -0.338737 -0.000616565
log_fdev[1](8)    -0.376944   2.1601e-06
log_fdev[1](9)     0.626286  0.000789961
log_fdev[1](10)     0.248739   0.00045944
log_fdev[1](11)     0.708148  0.000900386
log_fdev[1](12)     0.898752   -0.0013405
log_fdev[1](13)     0.298367  0.000105437
log_fdev[1](14)     0.595554  0.000730714
log_fdev[1](15)     0.574854 -0.000905972
log_fdev[1](16)     0.355568 -0.000119111
log_fdev[1](17)      1.19155   0.00248837
log_fdev[1](18)    -0.292109  0.000904029
log_fdev[1](19)    -0.381148  -0.00049911
log_fdev[1](20)     0.213807  0.000267886
log_fdev[1](21)     0.325674 -0.000641272
log_fdev[1](22)    -0.287457  -0.00148879
log_fdev[1](23)    -0.446056 -5.74632e-05
log_fdev[1](24)     -0.74367 -0.000222407
log_fdev[1](25)    -0.215891 -0.000349421
log_fdev[1](26)     0.143567 -8.78541e-05
log_fdev[1](27)    -0.116721 -0.000372736
log_fdev[1](28)     -0.62278  0.000437495
log_fdev[1](29)    -0.603055  0.000732963
log_fdev[1](30)    -0.139547  0.000723438
log_fdev[1](31)     0.261346  0.000257856
log_fdev[1](32)     0.631262  9.82079e-05
log_fdev[1](33)      1.05533  0.000399052
log_fdev[1](34)      1.03031 -0.000148863
log_fdev[1](35)     0.600198 -0.000449544
log_fdev[1](36)      0.59831  7.82518e-05
log_fdev[1](37)      1.12883  0.000125821
log_fdev[1](38)      0.81799   0.00123866
log_fdev[1](39)      1.28262 -0.000296969
log_fdev[1](40)    -0.583926 -0.000307163
log_fdev[1](41)    -0.911234 -2.62151e-05
log_fdev[1](42)    -0.598516  -0.00031433
log_fdev[2](1)    -0.251597  0.000293215
log_fdev[2](2)    -0.137521  0.000554769
log_fdev[2](3)    -0.223297  0.000640777
log_fdev[2](4)    -0.378906 -0.000104081
log_fdev[2](5)     -9.33044 -0.000249609
log_fdev[2](6)     -5.23613 -0.000473592
log_fdev[2](7)     -5.66745 -0.000205477
log_fdev[2](8)     -1.86744   0.00116294
log_fdev[2](9)    -0.566977  -0.00047338
log_fdev[2](10)      2.02492  -0.00153594
log_fdev[2](11)      1.58631 -0.000166441
log_fdev[2](12)      1.49706   0.00251289
log_fdev[2](13)      1.14934    0.0011385
log_fdev[2](14)      1.65803 -0.000716711
log_fdev[2](15)      1.42028 -0.000300418
log_fdev[2](16)      0.60059   0.00292334
log_fdev[2](17)      0.89904  -0.00197045
log_fdev[2](18)     0.296856 -0.000897116
log_fdev[2](19)     0.503778  -0.00107561
log_fdev[2](20)     0.513025  -0.00216417
log_fdev[2](21)       0.1261  -0.00036004
log_fdev[2](22)      0.14587  -0.00160148
log_fdev[2](23)     0.174788  -0.00178393
log_fdev[2](24)  -0.00107151   0.00225529
log_fdev[2](25)     0.686135   0.00142629
log_fdev[2](26)     0.437315  -0.00476478
log_fdev[2](27)    -0.196124  -0.00110133
log_fdev[2](28)     0.243404 -0.000721699
log_fdev[2](29)    -0.862344   0.00194613
log_fdev[2](30)    -0.729581   0.00242127
log_fdev[2](31)    -0.184057   0.00230799
log_fdev[2](32)     0.205096   0.00209103
log_fdev[2](33)      1.75428  -0.00118228
log_fdev[2](34)      3.00246  -0.00145676
log_fdev[2](35)     -0.62007  7.17147e-05
log_fdev[2](36)     0.365679  -0.00110076
log_fdev[2](37)      1.65973  -0.00127906
log_fdev[2](38)     0.767084  0.000774159
log_fdev[2](39)      1.22931   0.00214847
log_fdev[2](40)     0.865069   0.00126016
log_fdev[2](41)   -0.0982834  5.67115e-05
log_fdev[2](42)     0.561958 -7.62015e-05
log_fdev[2](43)      0.49076 -9.40663e-05
log_fdev[2](44)      1.48701  1.84786e-05
log_foff[1]      -7.3458  0.000986385
log_fdov[1](1)       2.5501 -0.000756907
log_fdov[1](2)      2.32596 -0.000127561
log_fdov[1](3)      1.71662   -0.0014231
log_fdov[1](4)      1.26862    0.0014684
log_fdov[1](5)      1.71557  0.000974969
log_fdov[1](6)      1.20857  -0.00172857
log_fdov[1](7)     0.619305  0.000580037
log_fdov[1](8)     0.565255  0.000174861
log_fdov[1](9)      2.94568 -0.000988665
log_fdov[1](10)      1.39706  0.000296278
log_fdov[1](11)      1.45324  -0.00106342
log_fdov[1](12)     0.574776   0.00362438
log_fdov[1](13)     0.914462 -0.000452435
log_fdov[1](14)    -0.631011  -0.00264235
log_fdov[1](15)     0.914239   0.00160514
log_fdov[1](16)      1.10518   0.00091275
log_fdov[1](17)     -2.22498  -0.00471097
log_fdov[1](18)    -0.519346  -0.00140604
log_fdov[1](19)      -2.3735   0.00116016
log_fdov[1](20)    0.0542893  -0.00163077
log_fdov[1](21)     -2.16549  0.000784442
log_fdov[1](22)     -2.31351   0.00264895
log_fdov[1](23)     -1.52182 -0.000535784
log_fdov[1](24)    -0.883701  0.000901745
log_fdov[1](25)     -2.73266  0.000195728
log_fdov[1](26)    -0.318555 -0.000889374
log_fdov[1](27)     0.020754  0.000944893
log_fdov[1](28)     0.356275 -0.000816064
log_fdov[1](29)     0.219204 -0.000881969
log_fdov[1](30)      2.44788 -0.000265625
log_fdov[1](31)     0.664189   0.00135604
log_fdov[1](32)      1.05011  0.000859707
log_fdov[1](33)      1.66167 -0.000507063
log_fdov[1](34)      0.85437  0.000724243
log_fdov[1](35)      0.20733   0.00148191
log_fdov[1](36)    0.0233177 -0.000230747
log_fdov[1](37)      -1.1262 -3.41428e-05
log_fdov[1](38)    -0.236661  -0.00244017
log_fdov[1](39)     -3.53724    0.0013398
log_fdov[1](40)     -4.33434    0.0010516
log_fdov[1](41)     -5.14911 -7.79225e-06
log_fdov[1](42)      1.23411  0.000729232
rec_dev_est(1982)      0.48679   0.00058806
rec_dev_est(1983)     0.511283  -0.00057148
rec_dev_est(1984)      1.37843  0.000872218
rec_dev_est(1985)       1.5476 -0.000255814
rec_dev_est(1986)      0.86675  -0.00239402
rec_dev_est(1987)     0.351926  -0.00183933
rec_dev_est(1988)    -0.465091  0.000794559
rec_dev_est(1989)    -0.749492  0.000162041
rec_dev_est(1990)     0.787492   0.00183033
rec_dev_est(1991)     0.872958  -0.00024279
rec_dev_est(1992)     -0.25343   0.00146726
rec_dev_est(1993)     0.156154  0.000142238
rec_dev_est(1994)    -0.386216  1.37986e-05
rec_dev_est(1995)    -0.881932  -0.00162973
rec_dev_est(1996)     -1.50456  0.000560909
rec_dev_est(1997)     -1.36033   0.00303674
rec_dev_est(1998)    -0.548775  -0.00129654
rec_dev_est(1999)    -0.648442 -0.000638541
rec_dev_est(2000)     -1.40997  0.000674569
rec_dev_est(2001)     0.047408  0.000111427
rec_dev_est(2002)      1.22852  7.59727e-05
rec_dev_est(2003)    -0.521094 -0.000336433
rec_dev_est(2004)     0.169407 -0.000744861
rec_dev_est(2005)    -0.804188    0.0025102
rec_dev_est(2006)     -1.59199 -0.000644725
rec_dev_est(2007)    0.0207896 -0.000300577
rec_dev_est(2008)     0.916565  -0.00187119
rec_dev_est(2009)    -0.662736   0.00195905
rec_dev_est(2010)     -0.62976   0.00118364
rec_dev_est(2011)    -0.469608   6.2462e-05
rec_dev_est(2012)    -0.876892 -0.000107439
rec_dev_est(2013)    -0.777705   0.00125523
rec_dev_est(2014)      1.25706 -5.50692e-05
rec_dev_est(2015)      1.37868 -0.000328783
rec_dev_est(2016)      1.54161  0.000153683
rec_dev_est(2017)    -0.652963 -0.000959318
rec_dev_est(2018)     -1.57273 -0.000432449
rec_dev_est(2019)    -0.964811 -2.00832e-05
rec_dev_est(2020)     0.133991  0.000450358
rec_dev_est(2021)     0.471543 -0.000902985
rec_dev_est(2022)      1.48054   9.7421e-05
rec_dev_est(2023)    -0.375359   -0.0011939
rec_dev_est(2024)    -0.792661  0.000250191
rec_dev_est(2025)    -0.380033  -0.00140489
logit_rec_prop_est(1982)      0.86722  0.000124923
logit_rec_prop_est(1983)     0.910731 -0.000211665
logit_rec_prop_est(1984)    -0.128279 -0.000122336
logit_rec_prop_est(1985)    -0.406704  9.66765e-05
logit_rec_prop_est(1986)     -3.52756  0.000374294
logit_rec_prop_est(1987)    -0.147639  0.000697749
logit_rec_prop_est(1988)    -0.265971 -0.000556373
logit_rec_prop_est(1989)     0.599833 -0.000566444
logit_rec_prop_est(1990)      1.76168 -0.000147972
logit_rec_prop_est(1991)       1.2096  -0.00032155
logit_rec_prop_est(1992)     -2.14728  0.000160859
logit_rec_prop_est(1993)     -1.59147  0.000570581
logit_rec_prop_est(1994)     -1.55412 -4.50229e-06
logit_rec_prop_est(1995)     -1.31747 -0.000105709
logit_rec_prop_est(1996)      3.25822  0.000484942
logit_rec_prop_est(1997)     0.859818  0.000330944
logit_rec_prop_est(1998)    0.0442295 -0.000190842
logit_rec_prop_est(1999)     -1.00291  0.000269261
logit_rec_prop_est(2000)     -2.18391  0.000293538
logit_rec_prop_est(2001)     0.971969  0.000171101
logit_rec_prop_est(2002)     -1.70098  0.000194142
logit_rec_prop_est(2003)      3.32928  0.000240604
logit_rec_prop_est(2004)      0.88171 -6.10947e-05
logit_rec_prop_est(2005)    -0.948446  0.000467566
logit_rec_prop_est(2006)       1.5873    -0.000642
logit_rec_prop_est(2007)    -0.373474  8.85372e-05
logit_rec_prop_est(2008)     -1.05006  0.000302101
logit_rec_prop_est(2009)     -1.87398  0.000375182
logit_rec_prop_est(2010)    -0.582674  -0.00019855
logit_rec_prop_est(2011)     -1.82125  0.000175178
logit_rec_prop_est(2012)      1.56088 -0.000150394
logit_rec_prop_est(2013)    0.0404981 -4.73245e-07
logit_rec_prop_est(2014)      1.07647 -7.04285e-05
logit_rec_prop_est(2015)    -0.844049  0.000108251
logit_rec_prop_est(2016)     -3.48362 -9.00583e-05
logit_rec_prop_est(2017)     -2.52106  0.000440716
logit_rec_prop_est(2018)      4.87719  -0.00219289
logit_rec_prop_est(2019)     -2.85396  0.000261344
logit_rec_prop_est(2020)     0.718013   4.2544e-05
logit_rec_prop_est(2021)     0.626565   2.1835e-05
logit_rec_prop_est(2022)    -0.229222  0.000122706
logit_rec_prop_est(2023)      3.95495 -0.000226993
logit_rec_prop_est(2024)      2.66031 -0.000273523
logit_rec_prop_est(2025)     0.759626  2.22485e-05
