ParName   Value   Gradient
T_pars_est[2]      14.2825   -0.0002679
T_pars_est[3]      13.8728  0.000669113
T_pars_est[11]   -0.0826495 -4.48518e-06
T_pars_est[12]   -0.0826494  2.50521e-09
T_pars_est[13]    -0.125216  0.000145743
T_pars_est[14]    -0.558466  -0.00186731
T_pars_est[15]    -0.428631   0.00164986
T_pars_est[16]    -0.258035 -0.000127263
T_pars_est[17]    -0.174795  0.000673655
T_pars_est[18]    -0.170251  0.000859723
T_pars_est[19]    -0.100702  -0.00628979
T_pars_est[20]    -0.064289  -0.00133863
T_pars_est[21]    0.0334976   0.00384472
T_pars_est[22]   -0.0491804 -0.000234261
T_pars_est[23]    -0.131631   -0.0018944
T_pars_est[24]    -0.250985   0.00137848
T_pars_est[25]    -0.286671  -0.00120097
T_pars_est[26]      0.69585   0.00030578
T_pars_est[27]     0.130735  0.000210837
T_pars_est[28]    -0.471658  6.48786e-05
T_pars_est[29]     -1.04013 -0.000479839
T_pars_est[30]     -1.40982   0.00359198
T_pars_est[31]     -1.69534   0.00222445
T_pars_est[32]    -0.693914  -0.00125795
T_pars_est[33]    -0.391311 -0.000282475
T_pars_est[34]     0.752116  -0.00105834
T_pars_est[35]    -0.358827   0.00101576
T_pars_est[36]     0.516393  0.000409456
T_pars_est[37]   -0.0896281    0.0049916
T_pars_est[38]     0.558299  -0.00400503
T_pars_est[39]     0.404526  0.000206735
T_pars_est[40]     0.291291  6.79978e-05
T_pars_est[41]     0.830606   0.00207089
T_pars_est[42]     0.481033   0.00349988
T_pars_est[43]    -0.133455   0.00226295
T_pars_est[44]    0.0613937  0.000509118
T_pars_est[45]     0.733117 -0.000531716
T_pars_est[46]  -0.00257141  -0.00138624
T_pars_est[47]    -0.467228 -0.000541755
T_pars_est[48]    -0.414368  -0.00152606
T_pars_est[49]    -0.239885  0.000349489
T_pars_est[50]    -0.164222  4.81223e-05
T_pars_est[51]    -0.141527 -8.74464e-05
T_pars_est[52]    -0.129987 -0.000205216
T_pars_est[53]    -0.114385 -0.000258311
T_pars_est[54]   -0.0852902  3.00978e-05
T_pars_est[55]   -0.0826477 -5.10395e-07
T_pars_est[56]   -0.0827173 -1.12806e-05
T_pars_est[57]   -0.0800724 -1.72186e-05
T_pars_est[58]    -0.100934  0.000917636
T_pars_est[59]     0.892506 -0.000624586
T_pars_est[60]      1.15574 -0.000324633
T_pars_est[61]      1.23062 -0.000319799
T_pars_est[62]     0.634288  -0.00132033
T_pars_est[63]     0.081907   0.00273168
T_pars_est[64]    -0.306545 -0.000444676
T_pars_est[65]    -0.326975   0.00252292
T_pars_est[66]    -0.160316  -0.00186585
T_pars_est[67]    -0.094016 -8.13471e-05
T_pars_est[68]   -0.0809867  8.09229e-05
T_pars_est[69]   -0.0825042  5.15599e-06
T_pars_est[70]   -0.0825937  1.84707e-06
T_pars_est[71]   -0.0826123  1.18434e-06
T_pars_est[72]   -0.0826244  5.74151e-07
T_pars_est[73]    -0.082635  3.28935e-07
T_pars_est[74]   -0.0826442  1.95803e-07
T_pars_est[75]   -0.0826477  2.44243e-08
T_pars_est[76]   -0.0826489  3.04971e-09
T_pars_est[77]    -0.315451    0.0019014
T_pars_est[78]    -0.814856  -0.00142332
T_pars_est[79]    -0.666883 -0.000345861
T_pars_est[80]    -0.826419  0.000152642
T_pars_est[81]    -0.884148   0.00114365
T_pars_est[82]     0.569755  1.97993e-05
T_pars_est[83]     0.204056  -0.00344334
T_pars_est[84]   -0.0823644 -3.53943e-07
T_pars_est[85]   -0.0825176  6.19523e-07
T_pars_est[86]   -0.0826185  9.38477e-07
T_pars_est[87]   -0.0826435  6.01477e-07
T_pars_est[88]   -0.0826444  4.23093e-07
T_pars_est[89]   -0.0826487  5.32136e-09
T_pars_est[90]   -0.0826494  3.95923e-08
T_pars_est[91]   -0.0826494  1.10688e-09
T_pars_est[92]   -0.0826494 -1.42942e-08
T_pars_est[93]   -0.0826494 -2.37866e-08
log_fbar[1]     0.148209 -3.45376e-05
log_fbar[2]      -4.6471  9.02231e-05
log_fdev[1](1)     -1.83638  0.000331714
log_fdev[1](2)     -1.96161  0.000276059
log_fdev[1](3)     -1.22564  -0.00174479
log_fdev[1](4)    -0.834467 -0.000406687
log_fdev[1](5)    -0.704249 -0.000707618
log_fdev[1](6)    -0.387642  1.85152e-05
log_fdev[1](7)    -0.342133 -1.05338e-05
log_fdev[1](8)    -0.380273 -0.000649061
log_fdev[1](9)     0.622959  -0.00117679
log_fdev[1](10)     0.245396  0.000347207
log_fdev[1](11)     0.704766  0.000588128
log_fdev[1](12)     0.895269  0.000817172
log_fdev[1](13)     0.295046  0.000906261
log_fdev[1](14)     0.592286  0.000555852
log_fdev[1](15)     0.571381  -0.00111953
log_fdev[1](16)     0.352052 -0.000336627
log_fdev[1](17)       1.1878  3.22046e-05
log_fdev[1](18)    -0.295795 -0.000441316
log_fdev[1](19)    -0.384689  -0.00104294
log_fdev[1](20)      0.21061 -0.000973005
log_fdev[1](21)       0.3234  0.000107114
log_fdev[1](22)    -0.286644  0.000731822
log_fdev[1](23)    -0.441302  0.000450413
log_fdev[1](24)      -0.7278  -0.00012772
log_fdev[1](25)    -0.207879  1.55184e-05
log_fdev[1](26)     0.142305 -4.31093e-05
log_fdev[1](27)    -0.120095 -0.000128919
log_fdev[1](28)     -0.62607 -1.37886e-05
log_fdev[1](29)     -0.60637 -0.000129032
log_fdev[1](30)    -0.142925 -0.000185109
log_fdev[1](31)     0.258091 -0.000286585
log_fdev[1](32)     0.628211  0.000559416
log_fdev[1](33)      1.05209    0.0021535
log_fdev[1](34)      1.02745   0.00104822
log_fdev[1](35)      0.59815 -0.000964126
log_fdev[1](36)     0.599415  -0.00110865
log_fdev[1](37)      1.12894   0.00196752
log_fdev[1](38)     0.815754  0.000863354
log_fdev[1](39)       1.2847 -0.000349423
log_fdev[1](40)    -0.572951 -0.000155099
log_fdev[1](41)    -0.883705 -0.000178631
log_fdev[1](42)    -0.567458   0.00106793
log_fdev[2](1)    -0.243365 -0.000209015
log_fdev[2](2)    -0.129306  -0.00163453
log_fdev[2](3)    -0.215074   0.00295489
log_fdev[2](4)    -0.370683 -0.000220655
log_fdev[2](5)     -9.32221  0.000125838
log_fdev[2](6)     -5.22788   0.00030227
log_fdev[2](7)     -5.65915  0.000143249
log_fdev[2](8)     -1.85907   0.00032591
log_fdev[2](9)    -0.558572  -0.00111306
log_fdev[2](10)      2.03329   0.00391678
log_fdev[2](11)      1.59465 -0.000850612
log_fdev[2](12)       1.5053 -0.000700484
log_fdev[2](13)       1.1577  0.000105715
log_fdev[2](14)      1.66638   0.00170568
log_fdev[2](15)      1.42847   0.00109323
log_fdev[2](16)     0.608711  -0.00231448
log_fdev[2](17)     0.907002    0.0028917
log_fdev[2](18)     0.304884  0.000966943
log_fdev[2](19)     0.511968  -0.00478145
log_fdev[2](20)     0.521647  -0.00174631
log_fdev[2](21)     0.135699   0.00180835
log_fdev[2](22)     0.158015 -0.000252383
log_fdev[2](23)     0.190275   -0.0019138
log_fdev[2](24)   -0.0199647  -0.00250483
log_fdev[2](25)     0.659354   -0.0018742
log_fdev[2](26)     0.435985  0.000694619
log_fdev[2](27)    -0.187799    0.0015629
log_fdev[2](28)     0.251802    0.0017689
log_fdev[2](29)    -0.853928  0.000944421
log_fdev[2](30)    -0.721222 -0.000120979
log_fdev[2](31)    -0.175658  -0.00172994
log_fdev[2](32)     0.209139 -0.000879949
log_fdev[2](33)      1.76206   0.00195106
log_fdev[2](34)      3.00945 -0.000731397
log_fdev[2](35)    -0.610885 -0.000944997
log_fdev[2](36)     0.268874 -0.000651074
log_fdev[2](37)      1.64439  -0.00101399
log_fdev[2](38)     0.778056  0.000644961
log_fdev[2](39)      1.24342  -0.00233851
log_fdev[2](40)      0.85651  -0.00234177
log_fdev[2](41)   -0.0776075   0.00138361
log_fdev[2](42)     0.583863   0.00179864
log_fdev[2](43)     0.432495   0.00349503
log_fdev[2](44)      1.37297  0.000600351
log_foff[1]      -7.3485  0.000215933
log_fdov[1](1)      2.55282  -0.00145405
log_fdov[1](2)      2.32869 -0.000498101
log_fdov[1](3)      1.71936   0.00302514
log_fdov[1](4)      1.27136  0.000357415
log_fdov[1](5)      1.71827  0.000593682
log_fdov[1](6)      1.21122 -0.000239857
log_fdov[1](7)     0.621961  5.46655e-05
log_fdov[1](8)     0.568087   0.00142483
log_fdov[1](9)      2.94854   0.00266482
log_fdov[1](10)      1.39977 -0.000488236
log_fdov[1](11)      1.45586 -0.000849272
log_fdov[1](12)     0.577384  -0.00146354
log_fdov[1](13)     0.916713  -0.00150711
log_fdov[1](14)    -0.628951 -0.000243117
log_fdov[1](15)     0.916375   0.00254139
log_fdov[1](16)      1.10718  0.000257438
log_fdov[1](17)     -2.22285 -0.000279457
log_fdov[1](18)    -0.517294  0.000548817
log_fdov[1](19)     -2.37155   0.00173709
log_fdov[1](20)    0.0565015   0.00153443
log_fdov[1](21)     -2.16356  -0.00028904
log_fdov[1](22)     -2.31476  -0.00184809
log_fdov[1](23)     -1.52792  -0.00124002
log_fdov[1](24)    -0.900365 -0.000222177
log_fdov[1](25)      -2.7409 -0.000701285
log_fdov[1](26)    -0.317487  0.000529952
log_fdov[1](27)      0.02383  0.000676259
log_fdov[1](28)     0.359202  0.000499142
log_fdov[1](29)     0.221921  0.000641694
log_fdov[1](30)      2.44969  0.000965371
log_fdov[1](31)     0.665259  0.000801798
log_fdov[1](32)      1.05082   -0.0007938
log_fdov[1](33)      1.66264  -0.00426458
log_fdov[1](34)     0.854902  -0.00191468
log_fdov[1](35)     0.206708   0.00159133
log_fdov[1](36)    0.0190307   0.00161437
log_fdov[1](37)     -1.11939  -0.00294538
log_fdov[1](38)    -0.227183  -0.00141778
log_fdov[1](39)     -3.53206  0.000951748
log_fdov[1](40)     -4.33803   0.00152714
log_fdov[1](41)     -5.16852  0.000371783
log_fdov[1](42)      1.20671   -0.0016041
rec_dev_est(1982)     0.489776 -0.000161829
rec_dev_est(1983)     0.514301   0.00185518
rec_dev_est(1984)      1.38146 -0.000372949
rec_dev_est(1985)      1.55058 -0.000808631
rec_dev_est(1986)     0.868585  0.000428364
rec_dev_est(1987)     0.356402  0.000914271
rec_dev_est(1988)    -0.461615  -0.00119221
rec_dev_est(1989)    -0.746202  -0.00291141
rec_dev_est(1990)     0.790973   0.00108124
rec_dev_est(1991)     0.876505 -0.000528312
rec_dev_est(1992)    -0.250059  -0.00186144
rec_dev_est(1993)      0.16031  0.000775185
rec_dev_est(1994)    -0.381815   0.00234455
rec_dev_est(1995)     -0.87878  -0.00254939
rec_dev_est(1996)     -1.50101 -0.000245637
rec_dev_est(1997)     -1.36107  -0.00134308
rec_dev_est(1998)    -0.554168  0.000386386
rec_dev_est(1999)    -0.646234   0.00112313
rec_dev_est(2000)     -1.40437  -0.00100822
rec_dev_est(2001)    0.0566807 -0.000184772
rec_dev_est(2002)      1.22995 -0.000373523
rec_dev_est(2003)    -0.518771  0.000125231
rec_dev_est(2004)     0.173055 -5.81532e-05
rec_dev_est(2005)    -0.801606 -0.000169141
rec_dev_est(2006)     -1.58845  0.000604421
rec_dev_est(2007)    0.0242384  -0.00107551
rec_dev_est(2008)     0.921713 -7.77556e-06
rec_dev_est(2009)    -0.657389 -0.000743376
rec_dev_est(2010)    -0.626597   0.00222746
rec_dev_est(2011)    -0.466451  0.000396748
rec_dev_est(2012)    -0.870841  -0.00131467
rec_dev_est(2013)    -0.772451  -0.00111731
rec_dev_est(2014)      1.26075  0.000525482
rec_dev_est(2015)      1.35627  -0.00108257
rec_dev_est(2016)      1.53042   0.00456453
rec_dev_est(2017)     -0.67676 -8.93346e-05
rec_dev_est(2018)     -1.62374   0.00173954
rec_dev_est(2019)    -0.973692    0.0010013
rec_dev_est(2020)     0.128226  -0.00147915
rec_dev_est(2021)     0.483066   0.00041736
rec_dev_est(2022)      1.48004 -0.000134263
rec_dev_est(2023)    -0.373404  0.000362526
rec_dev_est(2024)    -0.791185  0.000241909
rec_dev_est(2025)    -0.381952  8.19083e-05
